344 13 1
344 12 1
344 450 1
344 56 1
344 345 1
344 2 1
344 5 1
344 104 1
344 7 1
344 9 1
344 97 1
344 341 1
345 13 1
345 12 1
345 339 1
345 7 1
345 9 1
346 346 1
346 347 1
346 15 1
347 15 1
340 341 1
340 85 1
341 2 1
341 5 1
341 104 1
341 97 1
342 142 1
342 55 1
342 56 1
342 53 1
342 343 1
342 93 1
343 12 1
343 337 1
343 56 1
343 93 1
343 84 1
348 15 1
348 120 1
348 131 1
348 5 1
348 4 1
348 86 1
348 87 1
348 72 1
349 38 1
349 15 1
349 154 1
349 57 1
349 453 1
349 51 1
349 120 1
349 2 1
349 4 1
349 7 1
349 9 1
349 452 1
298 303 1
298 2 1
298 267 1
298 4 1
298 299 1
298 164 1
298 97 1
299 25 1
299 144 1
299 27 1
299 49 1
299 47 1
299 9 1
299 7 1
299 164 1
296 144 1
296 38 1
296 148 1
297 142 1
297 55 1
297 60 1
297 7 1
297 9 1
297 279 1
294 99 1
294 295 1
295 99 1
292 47 1
292 49 1
292 291 1
293 226 1
293 15 1
293 291 1
290 15 1
290 66 1
290 259 1
290 390 1
290 5 1
290 7 1
290 9 1
290 78 1
291 47 1
291 49 1
199 2 1
199 198 1
199 97 1
198 200 1
198 2 1
198 97 1
195 38 1
195 194 1
195 148 1
195 2 1
195 352 1
195 97 1
194 2 1
194 97 1
197 196 1
197 15 1
197 58 1
196 15 1
196 58 1
191 151 1
191 15 1
191 58 1
191 55 1
191 190 1
191 60 1
191 417 1
191 187 1
191 387 1
191 82 1
191 389 1
190 417 1
190 15 1
190 58 1
190 55 1
190 51 1
190 311 1
190 332 1
190 60 1
190 2 1
190 5 1
190 187 1
190 54 1
190 82 1
190 97 1
193 15 1
193 58 1
193 192 1
193 2 1
193 5 1
193 189 1
193 106 1
193 97 1
193 233 1
192 15 1
192 58 1
192 182 1
192 2 1
192 97 1
270 5 1
270 269 1
270 2 1
270 51 1
270 97 1
271 9 1
271 272 1
271 273 1
271 15 1
271 7 1
273 164 1
273 288 1
273 38 1
273 15 1
273 281 1
273 279 1
273 289 1
273 274 1
273 275 1
273 7 1
273 280 1
273 9 1
273 235 1
273 285 1
274 235 1
274 275 1
274 38 1
275 38 1
275 58 1
275 57 1
275 51 1
275 148 1
275 2 1
275 164 1
275 235 1
275 5 1
275 97 1
276 278 1
276 47 1
276 49 1
276 15 1
276 277 1
277 15 1
277 49 1
277 47 1
277 56 1
277 266 1
278 49 1
278 47 1
278 302 1
278 306 1
278 2 1
278 267 1
278 4 1
278 283 1
278 97 1
279 2 1
279 9 1
279 62 1
279 7 1
279 164 1
279 235 1
279 285 1
279 97 1
449 12 1
449 15 1
449 450 1
449 448 1
449 7 1
449 9 1
448 447 1
448 12 1
448 15 1
443 47 1
443 189 1
443 15 1
443 444 1
443 49 1
442 245 1
442 235 1
442 441 1
442 15 1
441 245 1
441 235 1
441 15 1
440 51 1
440 15 1
440 439 1
447 25 1
447 27 1
447 15 1
447 446 1
446 25 1
446 12 1
446 445 1
446 27 1
446 84 1
445 12 1
445 56 1
445 371 1
445 93 1
445 84 1
444 56 1
444 15 1
444 58 1
444 141 1
108 15 1
108 58 1
108 331 1
108 4 1
108 111 1
108 109 1
108 5 1
108 110 1
108 2 1
108 180 1
108 106 1
108 97 1
108 105 1
109 38 1
109 15 1
109 5 1
109 110 1
109 111 1
109 166 1
109 106 1
109 4 1
102 38 1
103 15 1
103 259 1
103 451 1
103 2 1
103 5 1
103 104 1
103 66 1
103 103 1
103 422 1
103 97 1
100 99 1
100 101 1
100 38 1
101 99 1
101 38 1
106 5 1
106 189 1
106 107 1
106 105 1
107 15 1
107 5 1
107 110 1
107 105 1
104 89 1
104 15 1
104 55 1
104 56 1
104 2 1
104 5 1
104 97 1
104 104 1
105 15 1
105 58 1
105 5 1
105 110 1
39 9 1
39 31 1
39 15 1
39 40 1
39 7 1
38 66 1
38 154 1
38 210 1
38 37 1
38 394 1
38 115 1
38 164 1
38 131 1
38 130 1
38 179 1
38 112 1
38 82 1
38 235 1
38 86 1
38 166 1
38 171 1
38 170 1
38 25 1
38 26 1
38 167 1
38 395 1
38 172 1
38 323 1
38 159 1
38 2 1
38 5 1
38 4 1
38 184 1
38 185 1
38 308 1
38 144 1
38 202 1
38 324 1
38 148 1
38 307 1
38 99 1
38 246 1
38 165 1
38 161 1
38 13 1
38 12 1
38 15 1
38 57 1
38 401 1
38 51 1
38 356 1
38 416 1
38 116 1
38 352 1
38 351 1
38 439 1
38 412 1
38 396 1
33 25 1
33 13 1
33 12 1
33 21 1
33 22 1
33 27 1
32 25 1
32 13 1
32 12 1
32 19 1
32 40 1
32 27 1
31 25 1
31 27 1
31 15 1
31 14 1
30 25 1
30 27 1
30 15 1
30 29 1
30 10 1
37 26 1
37 12 1
37 15 1
37 2 1
37 4 1
37 7 1
37 9 1
37 8 1
36 25 1
36 27 1
36 15 1
36 56 1
36 35 1
36 41 1
36 327 1
35 25 1
35 13 1
35 12 1
35 18 1
35 27 1
34 24 1
34 25 1
34 13 1
34 12 1
34 16 1
34 27 1
438 436 1
438 47 1
438 434 1
438 15 1
438 49 1
439 15 1
439 51 1
439 66 1
439 165 1
436 437 1
436 56 1
436 15 1
436 58 1
437 56 1
437 15 1
437 58 1
434 243 1
434 49 1
434 209 1
434 47 1
434 5 1
435 428 1
435 2 1
435 97 1
435 243 1
432 15 1
432 433 1
432 430 1
432 431 1
433 15 1
433 431 1
430 15 1
430 431 1
431 15 1
339 9 1
339 15 1
339 338 1
339 7 1
338 25 1
338 337 1
338 27 1
338 15 1
335 334 1
335 15 1
334 15 1
334 333 1
337 25 1
337 12 1
337 27 1
337 84 1
336 58 1
336 333 1
331 15 1
331 356 1
331 332 1
331 60 1
331 114 1
331 180 1
331 413 1
330 312 1
330 259 1
330 15 1
333 15 1
333 58 1
332 15 1
332 58 1
332 54 1
332 60 1
6 9 1
6 8 1
6 7 1
99 56 1
99 98 1
99 2 1
99 5 1
99 97 1
98 56 1
98 2 1
98 5 1
98 97 1
98 96 1
91 90 1
91 92 1
91 15 1
90 12 1
90 13 1
90 89 1
90 15 1
93 55 1
93 56 1
93 52 1
93 407 1
93 371 1
93 83 1
92 15 1
92 49 1
92 47 1
92 56 1
92 52 1
92 9 1
92 65 1
92 7 1
92 78 1
95 49 1
95 47 1
95 2 1
95 94 1
95 97 1
95 96 1
94 13 1
94 12 1
94 15 1
94 49 1
94 47 1
94 42 1
97 132 1
97 131 1
97 135 1
97 134 1
97 138 1
97 288 1
97 404 1
97 4 1
97 401 1
97 400 1
97 287 1
97 267 1
97 264 1
97 269 1
97 268 1
97 58 1
97 55 1
97 57 1
97 56 1
97 51 1
97 258 1
97 416 1
97 411 1
97 370 1
97 201 1
97 147 1
97 311 1
97 203 1
97 315 1
97 114 1
97 117 1
97 89 1
97 397 1
97 110 1
97 113 1
97 112 1
97 399 1
97 398 1
97 86 1
97 87 1
97 429 1
97 428 1
97 369 1
97 412 1
97 301 1
97 302 1
97 306 1
97 245 1
97 244 1
97 246 1
97 243 1
97 249 1
97 386 1
97 62 1
97 253 1
97 251 1
97 182 1
97 183 1
97 2 1
97 312 1
97 402 1
97 97 1
97 96 1
97 393 1
97 12 1
97 15 1
97 150 1
97 152 1
97 154 1
97 238 1
97 235 1
97 237 1
97 233 1
97 5 1
97 327 1
97 328 1
97 146 1
97 200 1
97 144 1
97 202 1
97 205 1
97 207 1
97 206 1
97 148 1
96 2 1
238 2 1
238 237 1
239 15 1
239 240 1
234 227 1
234 235 1
234 215 1
234 232 1
234 233 1
235 151 1
235 15 1
235 281 1
235 387 1
235 149 1
235 245 1
235 227 1
235 2 1
235 280 1
235 285 1
235 232 1
235 233 1
236 216 1
236 217 1
236 225 1
236 214 1
237 244 1
237 2 1
230 226 1
230 86 1
230 231 1
230 229 1
231 226 1
231 86 1
231 219 1
232 227 1
232 215 1
232 233 1
233 215 1
233 56 1
233 307 1
233 2 1
1 3 1
1 2 1
1 5 1
1 4 1
146 146 1
146 144 1
146 145 1
146 15 1
146 2 1
146 427 1
146 426 1
147 151 1
147 150 1
147 214 1
147 215 1
147 15 1
147 148 1
147 149 1
147 182 1
147 2 1
144 25 1
144 145 1
144 15 1
144 143 1
144 49 1
144 47 1
144 9 1
144 148 1
144 182 1
144 27 1
144 391 1
144 352 1
144 7 1
144 2 1
145 15 1
145 143 1
142 141 1
142 55 1
142 51 1
142 53 1
142 52 1
142 60 1
142 410 1
142 371 1
142 138 1
142 78 1
143 15 1
140 15 1
140 2 1
140 5 1
140 4 1
141 15 1
141 58 1
141 56 1
141 51 1
141 52 1
148 214 1
148 215 1
148 58 1
148 57 1
148 51 1
148 2 1
148 5 1
148 352 1
148 351 1
149 151 1
149 15 1
149 150 1
149 245 1
133 49 1
133 47 1
133 132 1
133 5 1
133 7 1
133 134 1
133 9 1
132 49 1
132 47 1
132 131 1
132 2 1
132 5 1
131 130 1
131 399 1
131 398 1
131 86 1
131 87 1
131 183 1
131 2 1
131 5 1
131 4 1
131 184 1
131 185 1
131 309 1
131 120 1
131 72 1
131 15 1
131 58 1
131 57 1
131 51 1
131 52 1
131 89 1
130 15 1
130 58 1
130 57 1
130 51 1
130 2 1
130 4 1
137 138 1
137 81 1
136 81 1
136 15 1
136 58 1
136 54 1
136 5 1
136 135 1
136 138 1
135 15 1
135 2 1
135 5 1
135 134 1
134 15 1
134 49 1
134 47 1
134 2 1
134 7 1
134 54 1
134 9 1
134 58 1
139 202 1
139 15 1
139 58 1
139 244 1
139 317 1
139 316 1
139 60 1
139 114 1
139 113 1
139 138 1
138 259 1
138 414 1
138 5 1
138 15 1
138 66 1
138 415 1
138 55 1
138 312 1
138 311 1
138 404 1
138 60 1
138 114 1
138 2 1
138 401 1
138 81 1
138 78 1
24 13 1
24 12 1
24 23 1
24 7 1
24 9 1
25 56 1
25 65 1
25 26 1
25 27 1
25 22 1
25 28 1
25 29 1
25 2 1
25 327 1
25 77 1
25 76 1
25 72 1
25 15 1
25 14 1
25 16 1
25 19 1
25 412 1
25 418 1
25 419 1
26 12 1
26 56 1
26 28 1
26 60 1
26 27 1
26 2 1
26 4 1
26 421 1
26 420 1
26 419 1
27 56 1
27 65 1
27 22 1
27 28 1
27 29 1
27 327 1
27 77 1
27 76 1
27 72 1
27 15 1
27 14 1
27 16 1
27 19 1
27 418 1
27 419 1
20 19 1
20 9 1
20 15 1
20 21 1
20 7 1
21 13 1
21 12 1
21 7 1
21 9 1
22 15 1
22 23 1
23 9 1
23 15 1
23 7 1
28 15 1
28 43 1
29 13 1
29 44 1
29 12 1
407 13 1
407 12 1
407 55 1
407 56 1
407 84 1
406 405 1
406 56 1
405 56 1
404 268 1
404 114 1
404 2 1
404 5 1
404 402 1
404 401 1
403 120 1
403 114 1
403 268 1
403 15 1
403 396 1
402 15 1
402 114 1
402 57 1
402 51 1
402 2 1
402 5 1
402 400 1
402 268 1
401 15 1
401 57 1
401 51 1
401 2 1
401 5 1
401 166 1
400 15 1
400 57 1
400 51 1
400 2 1
400 5 1
400 397 1
409 15 1
409 49 1
409 47 1
409 9 1
409 7 1
409 371 1
409 408 1
408 49 1
408 55 1
408 47 1
408 56 1
408 7 1
408 9 1
408 408 1
379 9 1
379 380 1
379 15 1
379 377 1
379 7 1
378 371 1
378 380 1
378 13 1
378 12 1
378 15 1
371 13 1
371 12 1
371 15 1
371 55 1
371 56 1
371 51 1
371 52 1
371 410 1
371 372 1
370 15 1
370 2 1
370 368 1
370 369 1
370 82 1
373 9 1
373 372 1
373 15 1
373 374 1
373 7 1
372 13 1
372 12 1
372 15 1
375 56 1
375 51 1
375 52 1
375 374 1
375 377 1
375 376 1
374 9 1
374 56 1
374 7 1
377 9 1
377 56 1
377 7 1
376 51 1
376 52 1
393 258 1
393 2 1
392 5 1
392 391 1
392 15 1
88 13 1
88 12 1
88 15 1
88 89 1
88 72 1
88 7 1
88 9 1
88 78 1
89 13 1
89 12 1
89 15 1
89 55 1
89 51 1
89 52 1
89 2 1
89 5 1
89 7 1
89 9 1
397 56 1
397 2 1
397 5 1
397 398 1
396 114 1
396 72 1
396 395 1
396 166 1
396 268 1
396 399 1
395 166 1
394 86 1
394 15 1
82 417 1
82 13 1
82 12 1
82 15 1
82 58 1
82 49 1
82 47 1
82 86 1
82 2 1
82 5 1
82 4 1
82 7 1
82 9 1
82 81 1
82 119 1
82 87 1
82 368 1
83 12 1
83 56 1
83 52 1
83 84 1
83 85 1
80 5 1
80 15 1
80 79 1
81 15 1
81 49 1
81 47 1
81 9 1
81 7 1
81 262 1
86 154 1
86 219 1
86 65 1
86 85 1
86 87 1
86 2 1
86 5 1
86 4 1
86 120 1
86 229 1
86 228 1
86 227 1
86 226 1
86 13 1
86 12 1
86 15 1
87 13 1
87 12 1
87 15 1
87 51 1
87 153 1
87 120 1
87 323 1
87 2 1
87 5 1
87 4 1
87 318 1
87 85 1
87 65 1
84 13 1
84 12 1
84 85 1
85 12 1
85 5 1
85 65 1
7 450 1
7 51 1
7 70 1
7 61 1
7 62 1
7 64 1
7 65 1
7 250 1
7 255 1
7 48 1
7 46 1
7 44 1
7 42 1
7 43 1
7 40 1
7 41 1
7 5 1
7 9 1
7 8 1
7 308 1
7 310 1
7 301 1
7 120 1
7 262 1
7 261 1
7 74 1
7 73 1
7 125 1
7 126 1
7 127 1
7 164 1
7 78 1
7 11 1
7 10 1
7 12 1
7 15 1
7 58 1
7 17 1
7 18 1
7 57 1
7 56 1
7 52 1
7 168 1
245 151 1
245 202 1
245 15 1
245 2 1
245 246 1
245 387 1
244 202 1
244 113 1
244 2 1
244 243 1
247 252 1
247 5 1
247 15 1
247 248 1
246 202 1
246 15 1
246 2 1
241 47 1
241 49 1
241 240 1
241 242 1
240 15 1
243 209 1
243 2 1
243 5 1
242 47 1
242 49 1
249 49 1
249 47 1
249 2 1
249 253 1
249 248 1
248 47 1
248 15 1
248 49 1
450 12 1
450 56 1
450 9 1
451 451 1
452 453 1
452 15 1
453 15 1
179 2 1
179 15 1
179 356 1
179 180 1
179 181 1
179 5 1
179 178 1
179 177 1
179 176 1
179 175 1
179 174 1
178 15 1
178 66 1
178 49 1
178 47 1
178 180 1
178 181 1
178 177 1
177 15 1
177 49 1
177 47 1
177 180 1
177 66 1
177 176 1
176 15 1
176 66 1
176 49 1
176 47 1
176 180 1
176 175 1
175 15 1
175 49 1
175 47 1
175 180 1
175 66 1
175 174 1
174 15 1
174 66 1
174 49 1
174 47 1
174 180 1
174 173 1
173 15 1
173 49 1
173 47 1
173 56 1
173 66 1
173 172 1
172 56 1
172 171 1
172 170 1
171 170 1
170 55 1
170 160 1
253 2 1
253 5 1
253 251 1
253 254 1
182 391 1
182 2 1
182 352 1
183 309 1
183 123 1
183 15 1
183 58 1
183 57 1
183 56 1
183 51 1
183 2 1
183 5 1
183 184 1
180 15 1
180 181 1
186 55 1
186 15 1
186 58 1
186 187 1
187 15 1
187 58 1
187 55 1
184 123 1
184 2 1
184 5 1
184 4 1
184 185 1
185 122 1
185 2 1
185 4 1
185 72 1
188 189 1
188 15 1
188 58 1
189 203 1
189 15 1
189 58 1
189 49 1
189 47 1
189 209 1
189 5 1
11 10 1
11 13 1
11 12 1
11 14 1
11 9 1
10 9 1
10 15 1
13 60 1
13 44 1
13 42 1
13 40 1
13 2 1
13 5 1
13 4 1
13 78 1
13 12 1
13 15 1
13 14 1
13 417 1
13 18 1
12 60 1
12 65 1
12 44 1
12 42 1
12 40 1
12 2 1
12 5 1
12 4 1
12 421 1
12 420 1
12 328 1
12 327 1
12 9 1
12 78 1
12 15 1
12 14 1
12 56 1
12 417 1
12 18 1
12 419 1
15 210 1
15 211 1
15 226 1
15 4 1
15 8 1
15 283 1
15 285 1
15 284 1
15 287 1
15 286 1
15 368 1
15 120 1
15 121 1
15 122 1
15 123 1
15 124 1
15 125 1
15 126 1
15 128 1
15 129 1
15 423 1
15 59 1
15 58 1
15 55 1
15 54 1
15 57 1
15 56 1
15 51 1
15 50 1
15 52 1
15 427 1
15 201 1
15 319 1
15 318 1
15 312 1
15 114 1
15 110 1
15 119 1
15 250 1
15 204 1
15 414 1
15 251 1
15 415 1
15 366 1
15 367 1
15 364 1
15 365 1
15 362 1
15 363 1
15 360 1
15 361 1
15 309 1
15 425 1
15 300 1
15 302 1
15 380 1
15 387 1
15 252 1
15 60 1
15 259 1
15 64 1
15 65 1
15 66 1
15 69 1
15 424 1
15 203 1
15 2 1
15 202 1
15 310 1
15 390 1
15 166 1
15 162 1
15 163 1
15 15 1
15 17 1
15 16 1
15 19 1
15 391 1
15 151 1
15 150 1
15 153 1
15 155 1
15 154 1
15 157 1
15 156 1
15 159 1
15 158 1
15 389 1
15 426 1
15 48 1
15 49 1
15 47 1
15 42 1
15 43 1
15 41 1
15 323 1
15 320 1
15 5 1
15 324 1
15 325 1
15 9 1
15 329 1
15 77 1
15 76 1
15 74 1
15 73 1
15 72 1
15 71 1
15 79 1
15 78 1
15 356 1
15 350 1
15 267 1
15 359 1
17 9 1
17 18 1
17 16 1
18 9 1
62 49 1
62 300 1
62 301 1
62 61 1
62 2 1
62 47 1
62 9 1
322 47 1
322 321 1
322 49 1
323 51 1
323 324 1
320 319 1
320 318 1
321 47 1
321 319 1
321 49 1
326 118 1
326 325 1
327 56 1
327 2 1
327 5 1
327 328 1
324 5 1
324 325 1
325 5 1
325 118 1
328 2 1
328 5 1
329 5 1
329 111 1
329 110 1
329 210 1
201 150 1
201 202 1
201 58 1
201 2 1
200 2 1
203 202 1
203 204 1
203 209 1
203 2 1
203 5 1
203 58 1
202 58 1
202 113 1
202 2 1
205 2 1
205 207 1
205 206 1
204 58 1
207 2 1
206 2 1
209 210 1
209 208 1
209 5 1
208 5 1
208 210 1
77 73 1
77 76 1
75 55 1
75 74 1
75 51 1
75 78 1
75 52 1
74 51 1
74 52 1
74 73 1
74 9 1
73 9 1
72 58 1
72 122 1
72 65 1
72 71 1
72 69 1
72 399 1
72 4 1
71 69 1
70 66 1
70 56 1
70 51 1
70 52 1
70 168 1
70 169 1
70 67 1
70 9 1
79 5 1
78 66 1
78 55 1
78 259 1
78 65 1
78 9 1
2 288 1
2 4 1
2 287 1
2 121 1
2 267 1
2 264 1
2 269 1
2 268 1
2 58 1
2 55 1
2 57 1
2 56 1
2 51 1
2 258 1
2 416 1
2 411 1
2 312 1
2 311 1
2 315 1
2 115 1
2 114 1
2 117 1
2 110 1
2 113 1
2 112 1
2 399 1
2 398 1
2 118 1
2 429 1
2 428 1
2 3 1
2 369 1
2 412 1
2 301 1
2 302 1
2 386 1
2 251 1
2 2 1
2 166 1
2 150 1
2 152 1
2 154 1
2 159 1
2 5 1
2 356 1
8 9 1
68 69 1
68 66 1
68 67 1
120 154 1
120 49 1
120 47 1
120 5 1
120 4 1
120 9 1
120 58 1
121 4 1
122 123 1
122 124 1
123 381 1
123 56 1
123 51 1
123 52 1
123 124 1
123 125 1
123 5 1
125 126 1
125 49 1
125 47 1
125 51 1
125 315 1
125 52 1
125 5 1
125 9 1
126 49 1
126 47 1
126 127 1
126 9 1
127 49 1
127 47 1
127 355 1
127 127 1
127 9 1
128 129 1
128 66 1
129 66 1
414 415 1
414 259 1
414 66 1
415 259 1
415 66 1
416 159 1
416 386 1
417 60 1
410 55 1
410 51 1
410 52 1
411 412 1
413 114 1
413 356 1
418 49 1
418 47 1
418 421 1
418 419 1
419 420 1
319 318 1
319 49 1
319 47 1
318 51 1
313 313 1
313 51 1
313 58 1
313 314 1
312 211 1
312 259 1
312 311 1
312 5 1
312 359 1
311 51 1
311 5 1
310 9 1
310 309 1
310 308 1
317 114 1
317 316 1
317 58 1
316 114 1
316 58 1
315 49 1
315 47 1
315 51 1
315 5 1
314 51 1
314 58 1
3 5 1
3 4 1
368 267 1
368 58 1
366 367 1
366 363 1
367 363 1
364 365 1
364 363 1
365 363 1
362 360 1
362 361 1
360 361 1
381 56 1
381 382 1
381 384 1
381 383 1
382 383 1
382 384 1
382 385 1
383 384 1
383 385 1
384 385 1
386 151 1
386 387 1
386 388 1
386 389 1
387 151 1
387 388 1
387 389 1
388 151 1
388 389 1
389 151 1
60 114 1
60 5 1
60 421 1
60 164 1
60 165 1
60 163 1
60 59 1
60 58 1
60 55 1
60 56 1
61 59 1
61 49 1
61 47 1
61 51 1
61 52 1
61 9 1
258 259 1
258 260 1
258 66 1
259 422 1
259 260 1
259 66 1
64 49 1
64 47 1
64 51 1
64 52 1
64 63 1
64 65 1
64 9 1
65 49 1
65 47 1
65 9 1
65 5 1
66 67 1
66 165 1
66 49 1
66 47 1
66 422 1
66 260 1
66 56 1
67 56 1
252 5 1
252 250 1
252 251 1
250 164 1
250 265 1
250 263 1
250 9 1
250 261 1
250 5 1
250 267 1
250 251 1
251 300 1
251 55 1
251 5 1
251 254 1
256 52 1
256 257 1
256 255 1
257 52 1
257 255 1
254 160 1
254 5 1
255 52 1
255 261 1
255 9 1
168 9 1
168 56 1
168 160 1
169 52 1
169 51 1
164 289 1
164 288 1
164 5 1
164 9 1
164 301 1
164 303 1
164 304 1
164 305 1
164 263 1
164 267 1
164 265 1
164 264 1
164 165 1
164 163 1
165 163 1
166 308 1
166 57 1
166 51 1
166 210 1
166 307 1
166 4 1
166 264 1
166 154 1
166 167 1
166 161 1
167 161 1
167 162 1
160 58 1
160 55 1
160 57 1
160 51 1
160 5 1
160 161 1
161 58 1
161 55 1
161 57 1
161 51 1
162 56 1
162 163 1
163 56 1
9 51 1
9 48 1
9 46 1
9 44 1
9 42 1
9 43 1
9 40 1
9 41 1
9 5 1
9 308 1
9 301 1
9 262 1
9 261 1
9 58 1
9 57 1
9 56 1
9 52 1
357 359 1
357 358 1
356 114 1
356 5 1
355 355 1
355 354 1
354 354 1
353 55 1
353 212 1
353 213 1
352 391 1
352 351 1
350 302 1
350 287 1
359 211 1
216 217 1
216 214 1
216 218 1
217 214 1
217 225 1
217 218 1
214 215 1
214 218 1
214 219 1
214 225 1
214 224 1
214 223 1
214 222 1
214 221 1
214 220 1
212 55 1
212 213 1
212 211 1
213 55 1
213 211 1
210 154 1
210 5 1
210 110 1
210 111 1
211 55 1
219 219 1
219 226 1
219 221 1
219 220 1
289 288 1
288 287 1
4 154 1
4 51 1
4 115 1
4 118 1
4 5 1
4 306 1
4 267 1
4 264 1
4 58 1
4 57 1
281 280 1
281 282 1
283 5 1
283 284 1
285 5 1
285 286 1
284 5 1
287 302 1
286 5 1
263 267 1
263 265 1
263 264 1
267 58 1
267 265 1
266 49 1
266 47 1
266 264 1
266 56 1
266 265 1
265 264 1
264 110 1
269 51 1
269 5 1
269 268 1
268 51 1
268 114 1
268 5 1
59 51 1
59 52 1
59 5 1
58 154 1
58 114 1
58 119 1
58 49 1
58 47 1
58 5 1
58 55 1
58 54 1
58 57 1
58 56 1
58 51 1
58 52 1
55 45 1
55 5 1
55 54 1
55 57 1
55 56 1
55 51 1
55 53 1
54 45 1
54 56 1
57 154 1
57 5 1
57 56 1
57 51 1
57 52 1
56 63 1
56 398 1
56 49 1
56 47 1
56 45 1
56 5 1
56 421 1
56 307 1
56 51 1
56 52 1
51 154 1
51 117 1
51 63 1
51 113 1
51 112 1
51 49 1
51 47 1
51 5 1
51 114 1
51 50 1
51 53 1
51 52 1
50 48 1
50 53 1
50 52 1
53 52 1
52 63 1
52 49 1
52 47 1
115 116 1
115 112 1
115 118 1
114 117 1
114 113 1
114 49 1
114 47 1
114 5 1
117 5 1
116 112 1
111 5 1
113 49 1
113 47 1
113 5 1
113 112 1
112 5 1
429 428 1
421 49 1
421 47 1
423 425 1
423 424 1
423 426 1
425 424 1
425 427 1
425 426 1
424 427 1
424 426 1
427 426 1
308 307 1
309 5 1
301 304 1
301 305 1
301 5 1
304 5 1
304 305 1
305 5 1
229 226 1
229 228 1
228 227 1
228 226 1
227 226 1
225 224 1
225 220 1
224 223 1
224 220 1
223 222 1
223 220 1
222 221 1
222 220 1
221 220 1
391 5 1
390 5 1
151 150 1
150 150 1
150 152 1
153 5 1
153 154 1
155 159 1
155 158 1
155 157 1
155 156 1
154 49 1
154 47 1
157 156 1
159 158 1
399 5 1
399 398 1
398 5 1
48 49 1
48 46 1
48 47 1
49 46 1
49 47 1
49 5 1
46 47 1
46 45 1
47 5 1
44 43 1
42 41 1
