1200 153 1
1200 508 1
1200 154 1
1200 1200 1
1200 1202 1
1200 263 1
1200 371 1
1200 689 1
1200 368 1
1200 370 1
1200 366 1
1200 367 1
1200 687 1
1200 505 1
344 1129 1
344 850 1
344 2216 1
344 346 1
344 382 1
344 341 1
344 339 1
345 1129 1
345 346 1
345 339 1
345 382 1
346 147 1
346 339 1
346 401 1
346 383 1
346 642 1
346 1129 1
346 382 1
346 346 1
346 347 1
346 341 1
346 342 1
346 343 1
346 850 1
346 348 1
347 147 1
347 339 1
347 1129 1
347 382 1
347 341 1
347 850 1
340 339 1
341 147 1
341 339 1
341 383 1
341 1129 1
341 382 1
341 703 1
341 61 1
341 384 1
341 341 1
341 342 1
341 343 1
341 348 1
342 382 1
342 1129 1
342 339 1
343 147 1
343 339 1
343 1129 1
343 382 1
348 147 1
348 339 1
348 1129 1
348 703 1
348 382 1
349 117 1
349 116 1
349 349 1
349 530 1
2185 1767 1
1653 209 1
1653 627 1
2318 704 1
2318 147 1
2318 601 1
2318 1727 1
2319 2006 1
2316 699 1
2317 1820 1
2317 834 1
2314 453 1
2315 1502 1
2315 1139 1
2315 1310 1
2312 2143 1
2313 453 1
2310 2308 1
2311 2308 1
298 276 1
298 581 1
298 46 1
298 301 1
298 302 1
298 303 1
298 304 1
298 300 1
298 298 1
298 299 1
298 237 1
299 214 1
299 663 1
299 61 1
299 273 1
299 275 1
299 69 1
299 253 1
299 138 1
299 1714 1
299 46 1
299 280 1
299 308 1
299 301 1
299 302 1
299 305 1
299 306 1
299 307 1
299 168 1
299 11 1
299 1028 1
299 299 1
296 213 1
296 661 1
296 520 1
296 499 1
296 1247 1
296 296 1
296 297 1
296 359 1
294 375 1
294 748 1
294 292 1
294 291 1
294 317 1
294 316 1
294 315 1
294 293 1
294 289 1
294 543 1
294 985 1
294 1065 1
294 474 1
294 294 1
294 237 1
294 285 1
294 284 1
294 287 1
294 286 1
295 302 1
295 287 1
292 917 1
292 147 1
292 543 1
292 292 1
292 316 1
292 293 1
292 289 1
292 288 1
292 919 1
292 290 1
292 474 1
292 918 1
292 291 1
292 285 1
292 284 1
292 287 1
292 286 1
293 1003 1
293 543 1
293 293 1
293 289 1
293 288 1
293 919 1
293 290 1
293 291 1
293 285 1
293 284 1
293 287 1
293 286 1
290 883 1
290 1144 1
290 133 1
290 498 1
290 252 1
290 497 1
290 138 1
290 1540 1
290 879 1
290 1538 1
290 289 1
290 543 1
290 1254 1
290 186 1
290 1440 1
290 919 1
290 283 1
290 284 1
290 287 1
290 286 1
290 444 1
290 1931 1
290 243 1
290 1497 1
290 221 1
290 784 1
290 1003 1
290 1537 1
290 1536 1
290 1535 1
290 1534 1
290 1533 1
290 1477 1
290 474 1
290 1506 1
290 1487 1
290 1478 1
290 686 1
290 1539 1
290 291 1
291 1436 1
291 316 1
291 284 1
291 289 1
291 288 1
291 474 1
291 919 1
291 291 1
291 285 1
291 161 1
291 287 1
291 286 1
2147 1908 1
2147 940 1
270 1435 1
270 266 1
270 254 1
270 992 1
271 254 1
272 282 1
272 274 1
272 268 1
272 280 1
272 283 1
272 1714 1
272 279 1
272 172 1
272 281 1
272 272 1
272 273 1
272 168 1
272 275 1
272 276 1
272 277 1
272 278 1
272 253 1
272 166 1
272 237 1
272 118 1
273 1102 1
274 315 1
275 554 1
275 1224 1
275 596 1
275 46 1
275 301 1
275 302 1
275 530 1
275 985 1
275 275 1
275 280 1
275 2261 1
275 362 1
275 363 1
276 591 1
276 752 1
276 593 1
276 1053 1
276 833 1
276 1058 1
276 874 1
276 304 1
276 214 1
276 867 1
276 1052 1
276 1607 1
276 1213 1
276 827 1
277 633 1
277 1446 1
277 35 1
277 928 1
277 929 1
277 1422 1
277 265 1
277 277 1
277 399 1
277 930 1
277 924 1
277 925 1
277 926 1
277 927 1
278 1647 1
278 2131 1
278 46 1
278 301 1
278 197 1
278 1816 1
278 278 1
278 239 1
278 351 1
278 164 1
278 824 1
279 1444 1
1780 508 1
2146 833 1
2146 2142 1
2146 1037 1
2146 1377 1
2146 1963 1
2268 2269 1
2268 156 1
2268 2058 1
2268 1587 1
2268 550 1
2268 1480 1
2268 185 1
1132 1133 1
1132 1132 1
1132 918 1
1132 1134 1
2262 2261 1
2263 2261 1
2260 145 1
2260 1835 1
2260 334 1
2260 1602 1
2260 117 1
2260 1769 1
2260 1593 1
2260 1727 1
2261 1140 1
2261 1311 1
2261 260 1
2261 1008 1
2261 1007 1
2261 1510 1
2266 1624 1
2266 1602 1
2266 1487 1
2266 1593 1
2266 1666 1
2266 373 1
2266 1665 1
2267 591 1
2267 910 1
2267 578 1
2267 2043 1
2267 210 1
2267 1594 1
2267 307 1
2267 406 1
2267 1646 1
2267 168 1
2267 1521 1
2267 253 1
2267 373 1
2267 1509 1
2267 118 1
2264 2120 1
2264 1966 1
2264 2054 1
2265 1120 1
2265 596 1
1781 995 1
1781 2289 1
1781 2122 1
1781 2273 1
1781 508 1
108 107 1
109 107 1
102 1325 1
102 102 1
102 99 1
102 98 1
102 103 1
102 100 1
102 69 1
102 93 1
102 101 1
102 95 1
102 94 1
102 97 1
102 96 1
103 93 1
103 1768 1
100 93 1
101 93 1
106 106 1
107 664 1
107 111 1
107 110 1
107 113 1
107 112 1
107 107 1
107 1566 1
104 104 1
104 105 1
2046 2069 1
2046 966 1
2047 966 1
2044 1772 1
2045 1726 1
2045 2086 1
2045 973 1
2042 2040 1
2043 2299 1
2043 1966 1
2043 588 1
2040 1630 1
2040 631 1
2040 135 1
2040 2041 1
2040 442 1
2040 1730 1
2040 444 1
2040 133 1
2040 131 1
2040 985 1
2040 243 1
2040 1484 1
2040 2223 1
2040 138 1
2040 126 1
2048 1726 1
2048 1558 1
2048 306 1
2048 2049 1
1212 1569 1
1212 1207 1
1212 1210 1
1212 1208 1
1373 1372 1
1373 1373 1
1373 1310 1
1373 516 1
1374 908 1
99 93 1
98 93 1
91 90 1
91 92 1
91 111 1
90 90 1
90 92 1
93 93 1
93 95 1
93 94 1
93 97 1
93 96 1
92 188 1
92 92 1
92 1178 1
95 1768 1
94 699 1
94 1221 1
94 450 1
94 664 1
94 1137 1
94 456 1
94 1381 1
94 1153 1
94 485 1
1623 1605 1
1622 1614 1
1621 1817 1
1621 1983 1
1621 1557 1
1621 1310 1
1621 209 1
1621 1614 1
1621 1637 1
1621 1972 1
1621 588 1
1621 1966 1
1621 463 1
1621 1762 1
1621 1886 1
1621 1562 1
1621 1761 1
1621 1760 1
1620 1614 1
1627 1831 1
1627 1625 1
1626 1625 1
1626 361 1
1625 1380 1
1625 199 1
1624 2308 1
1624 209 1
1624 1629 1
1624 1605 1
1624 588 1
1624 1443 1
1624 179 1
1624 509 1
1624 829 1
1624 2114 1
1624 2252 1
1624 2248 1
1999 1563 1
1998 1563 1
1629 1646 1
1629 1940 1
1629 1628 1
1629 589 1
1629 1113 1
1629 1520 1
1629 1665 1
1629 1939 1
1628 1630 1
1628 594 1
1628 1377 1
1628 1939 1
1628 1516 1
559 549 1
558 1058 1
558 1052 1
558 549 1
1217 1213 1
555 555 1
555 981 1
555 617 1
555 657 1
555 1378 1
555 549 1
554 591 1
554 1933 1
554 1224 1
554 583 1
554 1638 1
554 985 1
554 407 1
554 406 1
554 417 1
554 1934 1
554 80 1
554 549 1
554 1020 1
557 549 1
556 1726 1
556 549 1
551 549 1
551 767 1
550 2137 1
550 850 1
550 1614 1
550 537 1
550 549 1
550 500 1
553 549 1
552 549 1
1199 1350 1
1199 1368 1
1199 1197 1
1198 1368 1
1198 1197 1
1191 1188 1
1190 1491 1
1190 1188 1
1193 1188 1
1192 1509 1
1192 1188 1
1192 18 1
1192 1179 1
1192 74 1
1192 1950 1
1192 1985 1
1192 826 1
1195 1195 1
1195 1196 1
1194 1443 1
1194 512 1
1194 628 1
1194 1194 1
1194 699 1
1194 2135 1
1194 722 1
1194 499 1
1194 185 1
1194 510 1
1194 373 1
1194 398 1
1197 1197 1
1759 1527 1
1758 1755 1
1757 1755 1
1757 1808 1
1756 2299 1
1756 1755 1
1756 677 1
1756 231 1
1755 1517 1
1755 1896 1
1754 1751 1
1753 1983 1
1753 1751 1
1752 1983 1
1752 1751 1
1750 503 1
1177 1174 1
1177 1144 1
1177 1714 1
1176 195 1
1176 1174 1
1176 627 1
1176 499 1
1176 6 1
1175 1739 1
1175 147 1
1175 1174 1
1175 2334 1
1175 1135 1
1175 978 1
1174 1174 1
1174 21 1
1174 904 1
1174 23 1
1173 212 1
1172 212 1
1172 1843 1
1172 1845 1
1172 1844 1
1172 1491 1
1172 1476 1
1172 283 1
1172 502 1
1171 214 1
1171 212 1
1171 1171 1
1171 1098 1
1171 1096 1
1171 867 1
1171 730 1
1171 403 1
1171 402 1
1171 1415 1
1171 1416 1
1170 181 1
1170 179 1
1170 1170 1
1179 537 1
1179 784 1
1179 149 1
1179 6 1
1178 1966 1
1178 1178 1
1178 1443 1
1178 187 1
1178 1870 1
1178 1910 1
1007 83 1
1007 1004 1
1007 627 1
1007 1008 1
1006 1043 1
1006 1647 1
1006 1358 1
1006 1802 1
1006 209 1
1006 31 1
1006 2123 1
1006 588 1
1006 2122 1
1006 1607 1
1006 80 1
1006 1004 1
1006 1478 1
1006 2124 1
1005 1004 1
1285 1896 1
1285 238 1
1285 1283 1
1284 1283 1
1287 2202 1
1287 238 1
1004 784 1
1004 1004 1
1004 58 1
1004 210 1
1004 1619 1
1004 1825 1
1004 2219 1
1004 628 1
1004 2138 1
1004 416 1
1004 1826 1
1004 422 1
1281 1281 1
1281 669 1
1281 668 1
1281 665 1
1281 1282 1
1281 1039 1
1281 187 1
1281 369 1
1281 495 1
1281 398 1
1280 1279 1
1283 200 1
1283 238 1
515 515 1
1289 625 1
1289 208 1
1289 1289 1
1289 1292 1
1289 1293 1
1289 1290 1
1289 1291 1
1288 1423 1
1288 480 1
514 514 1
1579 982 1
1579 627 1
1579 499 1
1579 2251 1
1579 6 1
1578 627 1
1578 499 1
1578 6 1
689 150 1
689 153 1
689 152 1
689 155 1
689 154 1
689 690 1
689 149 1
689 691 1
689 689 1
689 371 1
689 845 1
689 687 1
689 1202 1
689 160 1
688 150 1
688 153 1
688 1205 1
688 158 1
688 1203 1
688 257 1
688 255 1
688 690 1
688 691 1
688 508 1
688 509 1
688 366 1
688 367 1
688 505 1
688 990 1
688 263 1
688 267 1
688 265 1
688 264 1
688 269 1
688 268 1
688 160 1
688 365 1
688 371 1
688 370 1
688 687 1
688 680 1
1573 1418 1
1573 539 1
1573 6 1
684 586 1
684 210 1
684 1220 1
684 209 1
684 727 1
684 388 1
684 684 1
684 683 1
687 150 1
687 845 1
687 155 1
687 149 1
1570 133 1
1570 1555 1
1570 443 1
1570 2011 1
1570 1785 1
1570 1989 1
1570 120 1
1570 169 1
1570 1250 1
1570 226 1
1570 165 1
1570 138 1
1570 1511 1
1570 248 1
1570 1917 1
1570 170 1
1577 199 1
1577 1636 1
1577 1972 1
1577 2193 1
1577 2152 1
1577 6 1
1577 1896 1
1577 1912 1
1577 2017 1
1577 500 1
1576 6 1
683 2327 1
683 1443 1
683 49 1
1574 6 1
623 304 1
1226 1225 1
621 304 1
873 399 1
873 872 1
873 1392 1
620 304 1
620 874 1
620 212 1
1223 988 1
1222 1221 1
1221 62 1
1221 800 1
1221 501 1
1243 1240 1
1220 1220 1
1220 49 1
2035 1665 1
2035 1548 1
407 406 1
407 806 1
407 1188 1
406 784 1
406 854 1
406 406 1
406 83 1
406 409 1
406 408 1
405 405 1
1372 1041 1
1372 1188 1
1372 31 1
1372 661 1
1372 1372 1
1375 568 1
1375 1375 1
1375 37 1
1375 1961 1
402 147 1
402 214 1
402 212 1
402 1707 1
402 1098 1
402 401 1
1377 1645 1
1377 1644 1
1377 1139 1
1377 145 1
1377 469 1
1377 1643 1
1377 1618 1
1377 1642 1
1377 982 1
1377 1376 1
1377 1649 1
1377 1647 1
1377 1648 1
1377 1502 1
1377 1254 1
1377 1646 1
1377 647 1
1377 1251 1
1377 1378 1
1376 857 1
1376 1378 1
1376 23 1
1376 860 1
1376 1145 1
1376 239 1
1376 921 1
1376 495 1
1379 1053 1
1379 212 1
1379 23 1
1379 1379 1
1379 811 1
1379 398 1
1378 1908 1
1378 1593 1
1378 334 1
1378 31 1
1378 1888 1
1378 82 1
1378 826 1
1378 1656 1
1219 1218 1
1342 1337 1
409 661 1
1343 1337 1
1242 1240 1
1344 1337 1
2148 1038 1
1345 2084 1
1345 1337 1
1345 1966 1
1345 1900 1
1346 587 1
1346 213 1
1346 1337 1
1346 1346 1
1346 1459 1
1346 71 1
1346 398 1
1346 31 1
1347 120 1
1347 1337 1
1018 1016 1
1245 1240 1
379 784 1
379 378 1
378 784 1
378 380 1
378 381 1
378 677 1
378 671 1
378 378 1
378 882 1
371 150 1
371 988 1
371 365 1
371 155 1
371 2216 1
371 992 1
371 872 1
371 1202 1
371 505 1
370 988 1
370 992 1
370 1201 1
370 1202 1
370 365 1
373 1994 1
373 1599 1
373 2156 1
373 648 1
373 373 1
373 372 1
373 375 1
373 1011 1
372 777 1
372 199 1
372 697 1
372 1599 1
372 2022 1
372 82 1
372 372 1
372 375 1
372 374 1
372 2251 1
375 435 1
375 447 1
375 849 1
375 392 1
375 63 1
375 867 1
375 439 1
375 1016 1
374 1568 1
374 1599 1
374 1983 1
374 430 1
377 595 1
377 65 1
377 376 1
376 784 1
376 836 1
376 2022 1
376 1772 1
376 1582 1
376 1808 1
376 537 1
376 1680 1
376 2334 1
376 652 1
376 179 1
376 2143 1
376 1896 1
376 1726 1
376 376 1
1244 1240 1
393 591 1
393 356 1
393 394 1
392 24 1
392 27 1
392 28 1
391 1069 1
391 39 1
391 1912 1
391 1120 1
391 1074 1
391 1075 1
391 1072 1
391 1073 1
391 1070 1
391 1071 1
391 391 1
391 566 1
391 389 1
391 1439 1
390 591 1
390 622 1
390 746 1
390 1120 1
390 1089 1
390 1088 1
390 390 1
390 64 1
390 597 1
390 1772 1
390 874 1
390 875 1
390 1072 1
390 1070 1
390 1071 1
390 1119 1
390 1090 1
390 1091 1
390 1092 1
390 300 1
390 1087 1
390 566 1
390 389 1
390 985 1
390 2164 1
397 692 1
397 397 1
397 396 1
396 23 1
396 400 1
396 396 1
396 185 1
396 399 1
396 398 1
396 72 1
395 627 1
395 508 1
395 395 1
394 356 1
394 202 1
399 213 1
399 156 1
399 239 1
399 399 1
399 171 1
399 972 1
399 970 1
399 2058 1
399 884 1
399 818 1
399 1446 1
399 930 1
399 424 1
399 147 1
399 997 1
399 999 1
399 998 1
399 588 1
399 71 1
399 549 1
399 960 1
399 1994 1
399 962 1
399 963 1
399 537 1
399 1385 1
399 587 1
399 1000 1
399 1002 1
399 1001 1
398 849 1
398 632 1
398 699 1
398 627 1
398 664 1
398 616 1
398 1041 1
398 456 1
398 238 1
398 1100 1
398 1102 1
398 485 1
398 549 1
895 147 1
895 156 1
2309 2308 1
2308 1646 1
2308 1311 1
2308 209 1
2308 1642 1
2308 656 1
2308 1120 1
2308 724 1
2308 1534 1
2308 5 1
2308 1518 1
2308 1476 1
2308 2063 1
2308 1294 1
2301 2122 1
2300 2299 1
2303 2302 1
2302 1876 1
2305 1673 1
2304 722 1
2307 31 1
2307 611 1
2307 1476 1
2307 1496 1
2307 1498 1
2307 1487 1
2307 1031 1
2306 1187 1
2306 1647 1
2306 1587 1
2306 184 1
245 784 1
245 442 1
245 537 1
245 126 1
245 2257 1
245 1915 1
244 126 1
247 247 1
247 548 1
247 823 1
247 547 1
247 126 1
246 126 1
246 442 1
246 302 1
246 1962 1
246 131 1
246 135 1
246 1249 1
246 138 1
241 126 1
241 442 1
241 444 1
241 131 1
241 241 1
241 243 1
241 1249 1
241 167 1
240 240 1
243 882 1
243 133 1
243 131 1
243 135 1
243 252 1
243 1896 1
243 138 1
243 492 1
243 697 1
243 442 1
243 126 1
243 165 1
243 1915 1
243 537 1
243 1240 1
243 1363 1
243 2106 1
243 2105 1
243 2104 1
242 252 1
242 537 1
242 126 1
249 996 1
249 37 1
249 1106 1
249 130 1
249 652 1
249 653 1
249 126 1
249 134 1
249 249 1
248 126 1
248 442 1
248 131 1
248 135 1
248 1249 1
248 165 1
248 492 1
2275 2334 1
2275 2273 1
2274 2273 1
2277 1255 1
2276 1847 1
2271 2270 1
2270 328 1
2273 1739 1
2273 1550 1
2273 826 1
2273 199 1
2273 1487 1
2273 31 1
2273 1691 1
2273 1820 1
2273 1595 1
2273 1038 1
2273 238 1
2273 1477 1
2273 1669 1
2273 1484 1
2273 1476 1
2273 80 1
2273 329 1
2273 516 1
2272 830 1
2279 1063 1
2278 166 1
2278 425 1
2278 135 1
2198 147 1
179 1139 1
179 179 1
179 1583 1
179 182 1
179 183 1
179 180 1
179 181 1
179 1520 1
179 1950 1
179 184 1
179 185 1
179 204 1
178 1038 1
178 174 1
177 174 1
177 1607 1
176 1227 1
176 1234 1
176 744 1
176 1231 1
176 1232 1
176 1233 1
176 748 1
176 1235 1
176 461 1
176 1275 1
176 849 1
176 1228 1
176 2164 1
176 1230 1
176 1229 1
176 737 1
176 811 1
176 176 1
176 174 1
176 361 1
175 1038 1
175 174 1
174 1038 1
174 126 1
174 174 1
173 173 1
173 49 1
172 11 1
172 996 1
172 1430 1
172 638 1
172 37 1
172 1011 1
172 1106 1
172 2096 1
172 168 1
172 169 1
172 2073 1
172 1443 1
172 166 1
172 237 1
172 172 1
172 162 1
171 882 1
171 1915 1
171 416 1
171 1962 1
171 2010 1
171 428 1
171 131 1
171 492 1
171 2073 1
171 165 1
171 422 1
171 490 1
171 1412 1
171 162 1
170 150 1
170 153 1
170 199 1
170 197 1
170 767 1
170 116 1
170 498 1
170 237 1
170 492 1
170 493 1
170 428 1
170 545 1
170 2073 1
170 2112 1
170 170 1
170 1010 1
170 1011 1
170 1295 1
170 200 1
170 202 1
170 64 1
170 1808 1
170 302 1
170 369 1
170 149 1
170 162 1
170 1392 1
170 768 1
170 2096 1
170 137 1
170 826 1
2051 428 1
1502 784 1
1502 1816 1
1502 1810 1
1502 508 1
1502 1613 1
1502 2022 1
1502 430 1
1502 1915 1
1502 1513 1
1502 1679 1
2053 1858 1
2053 147 1
2053 2055 1
2053 1557 1
2053 210 1
2053 302 1
2053 611 1
2053 1820 1
2053 1487 1
2053 1477 1
2053 1496 1
2053 80 1
2053 1897 1
2053 2054 1
2052 1146 1
2055 302 1
2054 1954 1
2054 1682 1
2057 2201 1
2057 1966 1
2057 2056 1
2056 1876 1
2056 1526 1
2056 1479 1
2056 1557 1
2059 2058 1
2058 1491 1
2058 2073 1
654 1028 1
654 163 1
1501 784 1
1501 854 1
1501 27 1
1501 143 1
1501 190 1
1501 588 1
1501 120 1
1501 1680 1
1501 1442 1
1501 508 1
1501 2030 1
1501 1912 1
1501 1565 1
652 1435 1
652 442 1
652 1962 1
652 120 1
652 130 1
652 652 1
652 653 1
652 2030 1
652 2110 1
652 1896 1
652 2112 1
1507 1043 1
1507 1508 1
1507 1509 1
1507 1511 1
1507 1510 1
1367 939 1
1504 1503 1
1505 591 1
1505 334 1
1505 1912 1
1505 1506 1
1364 1366 1
1364 1364 1
1364 1365 1
1977 1974 1
1600 854 1
1600 1647 1
1600 1435 1
1600 2022 1
1600 1568 1
1600 1680 1
1600 508 1
1600 478 1
1975 1974 1
1602 854 1
1602 1025 1
1602 1647 1
1602 836 1
1602 508 1
1602 1613 1
1602 2138 1
1602 192 1
1602 2090 1
1602 627 1
1602 1866 1
1602 648 1
1602 1055 1
1973 1972 1
1604 854 1
1032 833 1
1971 2231 1
1971 196 1
1971 2078 1
1971 149 1
1606 854 1
1606 1616 1
1606 1639 1
1606 2084 1
1606 1111 1
1606 2078 1
1606 353 1
1606 238 1
1362 1362 1
1362 1363 1
1968 1276 1
1969 1484 1
1618 966 1
1618 1817 1
1618 973 1
1618 1983 1
1618 1310 1
1618 195 1
1618 197 1
1618 1826 1
1618 2299 1
1618 463 1
1618 1726 1
1618 1443 1
1618 2090 1
1618 227 1
1618 1886 1
1618 1896 1
1618 1614 1
1619 1614 1
1619 1817 1
1616 1554 1
1616 209 1
1616 1614 1
1616 1944 1
1616 524 1
1616 1443 1
1616 2141 1
1616 1912 1
1616 1966 1
1616 1900 1
1617 209 1
1617 1614 1
1617 627 1
1617 499 1
1614 585 1
1614 887 1
1614 57 1
1614 1615 1
1614 1491 1
1614 1358 1
1614 1521 1
1614 1516 1
1614 231 1
1614 232 1
1615 1040 1
1615 1828 1
1615 210 1
1615 209 1
1615 1207 1
1615 2141 1
1615 2138 1
1615 1831 1
1615 1817 1
1615 1841 1
1615 1870 1
1615 2220 1
1615 1666 1
1615 1665 1
1615 1900 1
1960 1920 1
1960 302 1
1960 357 1
1960 1388 1
1960 1950 1
1960 2076 1
1961 1388 1
1961 112 1
1962 459 1
1962 601 1
1962 1497 1
1962 190 1
1962 133 1
1962 117 1
1962 491 1
1962 1964 1
1962 1965 1
1962 1966 1
1962 1967 1
1962 1963 1
1962 1769 1
1962 544 1
1962 1440 1
1962 425 1
1962 715 1
1962 712 1
1962 126 1
1962 228 1
1962 1599 1
1962 1555 1
1962 907 1
1962 1607 1
1962 640 1
1962 416 1
1962 642 1
1962 1249 1
1962 1666 1
1962 1665 1
1611 1607 1
1114 631 1
1114 1122 1
1114 628 1
1114 1124 1
1114 457 1
1114 2193 1
1114 1817 1
1114 972 1
1114 1111 1
1114 1113 1
1114 1115 1
1114 1114 1
1114 1117 1
1114 1116 1
1114 1034 1
1114 586 1
1114 587 1
1114 584 1
1114 585 1
1114 588 1
1114 589 1
1114 75 1
1114 73 1
1114 1983 1
1114 1952 1
1114 486 1
1114 1640 1
1114 965 1
1114 966 1
1114 961 1
1114 963 1
1114 1767 1
1114 925 1
1114 2251 1
1769 995 1
1769 1435 1
1769 508 1
1116 966 1
1116 2114 1
1116 972 1
1763 854 1
1763 1764 1
1766 663 1
1766 1765 1
1767 1025 1
1767 1983 1
1767 1912 1
1767 1817 1
1767 1295 1
1767 197 1
1767 588 1
1767 35 1
1767 1038 1
1767 463 1
1767 661 1
1767 1952 1
1767 2110 1
1767 1388 1
1767 189 1
1767 1900 1
1764 1720 1
1765 1630 1
1142 1137 1
1143 1137 1
1140 1137 1
1141 1137 1
1146 907 1
1146 453 1
1146 1938 1
1146 1663 1
1146 1147 1
1147 907 1
1147 1148 1
1147 453 1
1147 1150 1
1147 1895 1
1144 221 1
1144 1208 1
1144 1144 1
1144 158 1
1144 1719 1
1144 1718 1
1144 1722 1
1144 1723 1
1144 1584 1
1144 1721 1
1144 1720 1
1144 1520 1
1144 1724 1
1144 492 1
1145 802 1
1148 453 1
1149 453 1
1546 982 1
1546 1726 1
1546 1948 1
1546 196 1
1546 566 1
1547 566 1
690 150 1
690 153 1
690 155 1
690 845 1
690 149 1
691 150 1
691 153 1
691 155 1
691 1028 1
691 845 1
691 149 1
691 1202 1
1542 478 1
1542 499 1
1542 566 1
1542 1554 1
697 1249 1
697 882 1
697 544 1
697 442 1
697 698 1
697 699 1
697 700 1
697 444 1
697 133 1
697 121 1
697 122 1
697 169 1
697 185 1
697 252 1
697 165 1
697 283 1
697 167 1
697 491 1
697 697 1
1541 1680 1
1541 566 1
699 2238 1
699 699 1
699 1159 1
699 669 1
699 23 1
699 1161 1
699 1207 1
699 570 1
699 429 1
699 71 1
699 70 1
699 668 1
699 510 1
699 1160 1
699 934 1
1548 2299 1
1548 2022 1
1548 1207 1
1548 566 1
1548 2171 1
1548 66 1
1549 566 1
1549 1714 1
542 540 1
542 541 1
542 583 1
543 644 1
543 544 1
543 543 1
543 289 1
543 288 1
543 1010 1
543 546 1
543 287 1
543 474 1
543 545 1
543 164 1
543 166 1
543 167 1
543 285 1
543 162 1
543 286 1
540 11 1
540 583 1
540 712 1
540 540 1
540 541 1
540 168 1
540 253 1
540 549 1
540 1915 1
541 1545 1
541 583 1
541 541 1
541 2092 1
541 237 1
546 133 1
546 644 1
546 492 1
546 657 1
547 823 1
544 882 1
544 2247 1
544 1021 1
544 2257 1
544 302 1
544 1808 1
544 120 1
544 2096 1
544 2073 1
544 165 1
544 422 1
544 1915 1
544 492 1
544 709 1
545 153 1
545 1240 1
545 872 1
545 268 1
548 823 1
549 229 1
549 128 1
549 88 1
549 2002 1
549 833 1
549 1714 1
549 46 1
549 429 1
549 1120 1
549 2030 1
549 425 1
549 562 1
549 568 1
549 203 1
549 560 1
549 561 1
549 302 1
549 563 1
549 564 1
549 565 1
549 566 1
549 567 1
549 120 1
549 1957 1
549 125 1
549 386 1
549 227 1
549 2291 1
549 985 1
549 784 1
549 39 1
549 58 1
549 37 1
549 1970 1
549 357 1
549 2022 1
549 2257 1
549 2086 1
549 1001 1
760 753 1
760 767 1
1783 508 1
766 753 1
766 767 1
766 765 1
767 768 1
767 762 1
767 763 1
767 761 1
767 764 1
767 765 1
767 61 1
767 118 1
767 772 1
767 818 1
767 819 1
767 401 1
767 770 1
767 505 1
767 814 1
767 815 1
767 816 1
767 817 1
767 753 1
767 203 1
767 771 1
767 756 1
767 773 1
767 754 1
767 759 1
767 758 1
767 123 1
767 219 1
767 821 1
767 820 1
767 822 1
764 753 1
764 765 1
765 753 1
765 774 1
765 771 1
765 756 1
765 773 1
765 754 1
765 762 1
765 763 1
765 759 1
765 758 1
765 219 1
765 120 1
765 772 1
765 765 1
765 820 1
414 411 1
415 411 1
416 627 1
416 61 1
416 429 1
416 428 1
416 401 1
416 421 1
416 420 1
416 423 1
416 422 1
416 425 1
416 424 1
416 427 1
416 426 1
416 995 1
416 2330 1
416 203 1
416 149 1
416 166 1
416 162 1
416 163 1
416 784 1
416 432 1
416 433 1
416 416 1
416 417 1
416 644 1
416 1412 1
416 418 1
416 419 1
416 430 1
416 431 1
417 23 1
417 417 1
417 64 1
417 1412 1
417 422 1
410 410 1
411 861 1
411 2184 1
411 411 1
411 412 1
411 413 1
1384 1381 1
1384 2220 1
1385 1385 1
1386 1646 1
1386 758 1
1386 928 1
1386 1388 1
1386 1389 1
1386 82 1
1386 1386 1
1386 1387 1
1386 1391 1
1386 1390 1
1387 1388 1
418 61 1
418 1880 1
418 644 1
418 163 1
419 644 1
1382 1381 1
1383 1381 1
368 988 1
368 365 1
368 1202 1
368 266 1
369 1478 1
369 988 1
369 1167 1
369 155 1
369 17 1
369 210 1
369 209 1
369 31 1
369 1166 1
369 1202 1
369 1689 1
369 643 1
369 1589 1
369 648 1
369 283 1
369 365 1
369 1337 1
369 1802 1
366 631 1
366 988 1
366 1435 1
366 1201 1
366 1202 1
366 266 1
366 365 1
367 150 1
367 153 1
367 155 1
367 992 1
367 1202 1
367 365 1
367 1010 1
364 280 1
364 361 1
365 153 1
365 158 1
365 988 1
365 1202 1
365 261 1
365 265 1
365 365 1
365 255 1
362 280 1
362 361 1
363 280 1
363 361 1
360 357 1
361 302 1
361 280 1
361 361 1
380 784 1
381 784 1
382 147 1
382 339 1
382 383 1
382 1129 1
382 382 1
382 617 1
382 61 1
382 384 1
382 850 1
383 1129 1
383 617 1
385 388 1
385 385 1
385 386 1
385 387 1
386 2351 1
386 1557 1
386 1695 1
386 827 1
386 1663 1
386 1950 1
387 2215 1
388 2157 1
388 830 1
388 837 1
388 156 1
388 57 1
388 1041 1
388 589 1
388 829 1
388 1520 1
388 64 1
388 1484 1
388 388 1
388 827 1
388 1066 1
388 874 1
388 823 1
388 828 1
389 217 1
389 39 1
389 389 1
389 220 1
2190 2189 1
2191 818 1
2192 818 1
2192 1919 1
2192 1703 1
2192 2007 1
2192 148 1
259 259 1
259 254 1
2194 2193 1
2195 147 1
2196 147 1
2197 147 1
252 883 1
252 882 1
252 880 1
252 126 1
252 2257 1
252 1794 1
252 127 1
252 133 1
252 132 1
252 131 1
252 1480 1
252 1593 1
252 136 1
252 135 1
252 1484 1
252 252 1
252 250 1
252 138 1
252 492 1
252 1739 1
252 167 1
252 872 1
252 1797 1
252 1793 1
252 186 1
252 184 1
252 2016 1
252 427 1
252 1798 1
252 1250 1
252 443 1
252 442 1
252 302 1
252 1137 1
252 1796 1
252 445 1
252 444 1
252 121 1
252 122 1
252 1545 1
252 1495 1
252 165 1
252 268 1
252 1915 1
252 11 1
252 1045 1
252 1690 1
252 1795 1
252 1249 1
252 1538 1
253 11 1
253 995 1
253 1101 1
253 1100 1
253 721 1
253 498 1
253 1099 1
253 168 1
253 126 1
253 253 1
253 497 1
253 910 1
253 1259 1
250 302 1
250 135 1
250 126 1
251 846 1
251 996 1
251 126 1
256 1435 1
256 266 1
256 254 1
257 261 1
257 265 1
257 254 1
257 264 1
254 152 1
254 158 1
254 260 1
254 992 1
254 261 1
254 263 1
254 262 1
254 258 1
254 267 1
254 266 1
254 265 1
254 264 1
254 269 1
254 268 1
254 254 1
254 255 1
255 150 1
255 988 1
255 158 1
255 1201 1
255 1202 1
255 266 1
255 255 1
2200 147 1
2202 586 1
2202 2203 1
2202 850 1
2202 7 1
2202 1187 1
2202 1974 1
2202 1678 1
2202 184 1
2202 1583 1
2202 469 1
2202 2100 1
2204 705 1
2204 703 1
2205 2060 1
2206 236 1
2206 1276 1
2206 2207 1
2208 591 1
2208 212 1
2208 1557 1
2208 870 1
2209 2210 1
2209 2211 1
2209 1394 1
900 901 1
900 896 1
1848 1388 1
1848 1846 1
168 11 1
168 995 1
168 996 1
168 59 1
168 1582 1
168 1336 1
168 849 1
168 126 1
168 162 1
168 1259 1
169 591 1
169 1053 1
169 126 1
169 1915 1
169 442 1
169 302 1
169 2010 1
169 1808 1
169 120 1
169 492 1
169 135 1
169 1249 1
169 165 1
169 490 1
169 162 1
164 442 1
164 302 1
164 1028 1
164 818 1
164 428 1
164 64 1
164 644 1
164 165 1
164 162 1
164 163 1
165 882 1
165 884 1
165 985 1
165 133 1
165 128 1
165 131 1
165 136 1
165 138 1
165 490 1
165 491 1
165 2073 1
165 425 1
165 203 1
165 443 1
165 442 1
165 302 1
165 445 1
165 121 1
165 122 1
165 165 1
165 167 1
165 162 1
165 59 1
165 35 1
165 642 1
165 2168 1
165 1249 1
166 882 1
166 61 1
166 138 1
166 1053 1
166 2326 1
166 428 1
166 872 1
166 442 1
166 126 1
166 268 1
166 1915 1
166 162 1
166 163 1
166 1714 1
166 1028 1
166 1808 1
166 644 1
167 882 1
167 456 1
167 132 1
167 131 1
167 135 1
167 1896 1
167 138 1
167 492 1
167 872 1
167 2073 1
167 147 1
167 442 1
167 302 1
167 149 1
167 126 1
167 162 1
167 1726 1
167 1249 1
160 146 1
160 150 1
160 153 1
160 155 1
160 845 1
160 149 1
160 939 1
160 1202 1
161 146 1
161 153 1
161 199 1
161 1010 1
161 197 1
161 1392 1
161 2096 1
161 498 1
161 2073 1
161 155 1
161 826 1
161 490 1
161 1011 1
161 162 1
162 1928 1
162 1929 1
162 490 1
162 872 1
162 492 1
162 1392 1
162 147 1
162 162 1
162 163 1
162 941 1
162 1534 1
162 644 1
162 2010 1
163 64 1
163 492 1
163 658 1
163 657 1
163 643 1
163 656 1
163 428 1
163 655 1
163 401 1
163 421 1
163 507 1
163 423 1
163 425 1
163 427 1
163 426 1
163 203 1
163 420 1
163 163 1
163 35 1
163 640 1
163 642 1
163 644 1
163 647 1
163 649 1
163 433 1
163 430 1
1980 1787 1
1841 1666 1
1841 1842 1
1841 1404 1
1840 1838 1
678 1010 1
678 671 1
679 677 1
679 152 1
679 199 1
679 674 1
679 676 1
679 570 1
679 671 1
679 672 1
679 263 1
679 508 1
679 509 1
679 504 1
679 681 1
679 680 1
679 682 1
1814 120 1
1814 428 1
1814 492 1
1814 2030 1
1815 1063 1
1815 1742 1
1816 1139 1
1817 887 1
1817 669 1
1817 665 1
1817 68 1
1817 496 1
1817 1822 1
1817 1524 1
1817 1818 1
1817 1819 1
1817 1111 1
1817 1526 1
1817 1656 1
1817 1122 1
1817 1034 1
1817 586 1
1817 631 1
1817 145 1
1817 611 1
1817 1331 1
1817 588 1
1817 1596 1
1817 1590 1
1817 71 1
1817 486 1
1817 1802 1
1817 1042 1
1817 1040 1
1817 15 1
1817 58 1
1817 1045 1
1817 1825 1
1817 1824 1
1817 57 1
1817 1821 1
1817 1820 1
1817 1823 1
1817 1517 1
1817 826 1
1817 925 1
1810 1139 1
1810 1480 1
1810 1811 1
1810 1721 1
1812 120 1
1812 2017 1
1812 653 1
1813 120 1
1819 1038 1
670 670 1
670 23 1
1099 996 1
1099 492 1
1099 1808 1
1609 1607 1
1608 1931 1
1608 1607 1
1979 1787 1
1978 1630 1
1978 1974 1
1601 854 1
1976 2096 1
1976 302 1
1976 1974 1
1976 2299 1
1603 854 1
1974 1093 1
1974 1638 1
1974 334 1
1974 1906 1
1974 1031 1
1605 854 1
1605 1680 1
1605 2022 1
1605 2138 1
1605 1594 1
1605 2078 1
1605 508 1
1605 2238 1
1605 1564 1
1605 2013 1
1605 358 1
1972 1739 1
1972 1500 1
1972 1861 1
1972 1113 1
1972 4 1
1972 82 1
1972 824 1
1607 1551 1
1607 1583 1
1607 1337 1
1607 1612 1
1607 1610 1
1607 181 1
1607 1486 1
1607 1915 1
1970 921 1
1970 499 1
1970 985 1
809 806 1
808 806 1
803 777 1
803 806 1
802 802 1
802 777 1
802 23 1
801 777 1
801 505 1
801 888 1
801 806 1
800 1213 1
800 777 1
800 1412 1
807 806 1
806 136 1
806 493 1
806 796 1
806 795 1
806 794 1
806 790 1
806 799 1
806 798 1
806 733 1
806 810 1
806 811 1
806 812 1
806 813 1
806 201 1
806 203 1
806 779 1
806 778 1
806 268 1
806 785 1
806 786 1
806 780 1
806 781 1
806 782 1
806 783 1
806 789 1
806 805 1
805 804 1
804 786 1
804 791 1
804 782 1
804 783 1
804 779 1
804 789 1
804 798 1
804 493 1
1775 2010 1
1775 197 1
1775 2193 1
1775 302 1
1775 1011 1
1774 644 1
1777 995 1
1777 508 1
1776 995 1
1776 478 1
1776 1849 1
1776 508 1
1084 1078 1
1084 1079 1
1084 2224 1
1084 1275 1
1084 463 1
1084 737 1
1084 1563 1
1770 302 1
1770 1435 1
1770 2022 1
1773 1771 1
1772 1771 1
1772 1919 1
1772 2000 1
1772 1900 1
1779 2090 1
1779 508 1
1778 995 1
1778 1905 1
1778 508 1
1159 627 1
1159 2135 1
1158 1153 1
1155 1154 1
1155 1153 1
1154 1154 1
1154 1157 1
1154 1153 1
1157 1153 1
1156 1153 1
1151 784 1
1151 1738 1
1151 318 1
1151 1983 1
1151 2257 1
1150 453 1
1150 907 1
1153 1153 1
1152 318 1
1152 1392 1
1152 1188 1
1555 302 1
1555 566 1
1555 985 1
1555 2257 1
1555 64 1
1555 35 1
1555 2073 1
1555 492 1
58 1025 1
58 1041 1
58 2022 1
58 1022 1
58 1328 1
58 56 1
58 1896 1
58 941 1
58 227 1
58 1664 1
58 1450 1
58 265 1
58 68 1
58 1310 1
58 284 1
58 1948 1
58 1912 1
1551 833 1
1551 1443 1
1551 566 1
1551 2022 1
1551 186 1
1550 1055 1
1550 566 1
1550 2022 1
1553 566 1
1552 566 1
59 1224 1
59 59 1
59 55 1
59 54 1
59 57 1
59 56 1
59 1612 1
59 53 1
59 52 1
59 117 1
59 1809 1
1554 578 1
1554 199 1
1554 213 1
1554 628 1
1554 661 1
1554 69 1
1554 970 1
1554 1696 1
1554 1697 1
1554 1695 1
1554 328 1
1554 1563 1
1554 1698 1
1554 659 1
1554 632 1
1554 633 1
1554 1350 1
1554 566 1
1554 1703 1
1554 1040 1
1554 1700 1
1554 1701 1
1554 1702 1
1554 1646 1
1554 1699 1
1554 1516 1
1557 1944 1
1557 566 1
1557 120 1
1557 1680 1
1557 1255 1
1557 2126 1
1557 352 1
1557 2257 1
1556 566 1
55 54 1
55 57 1
55 56 1
55 53 1
55 52 1
54 1210 1
54 54 1
54 57 1
54 56 1
54 53 1
54 52 1
54 195 1
57 215 1
57 1324 1
57 195 1
57 2090 1
57 1870 1
57 1526 1
57 1900 1
57 1523 1
57 2220 1
57 1524 1
57 1525 1
57 1113 1
57 1444 1
57 1520 1
57 1521 1
57 7 1
57 509 1
57 2143 1
57 585 1
57 1522 1
57 6 1
57 588 1
57 76 1
57 71 1
57 222 1
57 1040 1
57 2127 1
57 57 1
57 56 1
57 53 1
57 52 1
57 1519 1
57 1518 1
57 2141 1
57 1966 1
57 927 1
56 11 1
56 56 1
56 53 1
56 52 1
51 51 1
51 508 1
50 50 1
53 53 1
53 52 1
53 1491 1
53 78 1
52 52 1
537 199 1
537 126 1
537 1592 1
537 133 1
537 132 1
537 1593 1
537 239 1
537 595 1
537 80 1
537 1588 1
537 1589 1
537 1253 1
537 1017 1
537 1521 1
537 1218 1
537 611 1
537 462 1
537 1594 1
537 1597 1
537 1596 1
537 1591 1
537 1590 1
537 1598 1
537 1595 1
537 826 1
537 539 1
537 538 1
1559 283 1
1559 1496 1
535 535 1
534 534 1
533 530 1
532 530 1
531 530 1
530 530 1
530 69 1
539 31 1
1558 566 1
536 536 1
429 569 1
429 632 1
429 850 1
429 885 1
429 1323 1
429 664 1
429 447 1
429 943 1
429 325 1
429 1350 1
428 61 1
428 1871 1
428 1489 1
428 2050 1
428 1638 1
428 799 1
428 428 1
428 1520 1
428 184 1
428 421 1
428 507 1
428 283 1
428 1017 1
428 425 1
428 427 1
428 203 1
428 445 1
428 1678 1
428 1187 1
428 1808 1
428 641 1
428 640 1
428 643 1
428 642 1
428 645 1
428 644 1
428 647 1
428 646 1
428 648 1
428 433 1
1399 1399 1
1398 1680 1
1398 1398 1
421 996 1
421 1028 1
421 61 1
421 644 1
420 61 1
420 644 1
1395 784 1
1395 69 1
1395 1395 1
1395 651 1
1394 974 1
1394 338 1
1393 578 1
1393 17 1
1393 1642 1
1393 1721 1
1393 1480 1
1393 1517 1
1393 282 1
1393 1393 1
1392 151 1
1392 1392 1
1392 153 1
1392 497 1
1392 199 1
1392 37 1
1392 1109 1
1392 493 1
1392 237 1
427 1019 1
427 1028 1
427 133 1
427 642 1
427 644 1
427 1930 1
426 2299 1
426 7 1
426 1187 1
426 1587 1
426 1678 1
426 644 1
426 184 1
426 1511 1
426 425 1
1321 1063 1
1321 1311 1
1321 1276 1
1321 1787 1
2183 1568 1
2182 1912 1
2181 1912 1
2180 1912 1
2187 353 1
2186 353 1
229 777 1
229 1311 1
229 1337 1
229 227 1
229 280 1
229 1010 1
227 238 1
227 239 1
227 234 1
227 235 1
227 236 1
227 237 1
227 230 1
227 231 1
227 232 1
227 233 1
227 21 1
227 877 1
227 1587 1
227 1678 1
227 7 1
227 184 1
227 228 1
227 227 1
227 1187 1
227 1688 1
226 147 1
226 708 1
226 709 1
226 156 1
226 616 1
226 710 1
226 1572 1
226 2257 1
226 226 1
226 1571 1
225 217 1
225 225 1
225 218 1
224 217 1
224 224 1
224 1046 1
224 6 1
223 217 1
223 1787 1
222 472 1
222 217 1
221 217 1
221 1208 1
221 1207 1
221 111 1
221 1311 1
220 217 1
220 833 1
220 1787 1
220 2015 1
220 220 1
2213 1021 1
2212 1021 1
2217 2216 1
2216 584 1
2216 585 1
2216 676 1
2216 2218 1
2216 126 1
2216 329 1
2216 490 1
2215 1665 1
2214 907 1
763 753 1
151 146 1
151 1261 1
151 1010 1
150 150 1
150 153 1
150 152 1
150 155 1
150 154 1
150 158 1
150 1202 1
150 199 1
150 939 1
150 146 1
150 149 1
150 263 1
153 153 1
153 152 1
153 155 1
153 157 1
153 156 1
153 159 1
153 158 1
153 214 1
153 985 1
153 1204 1
153 199 1
153 874 1
153 1256 1
153 1257 1
153 1254 1
153 1255 1
153 1252 1
153 1253 1
153 1010 1
153 1258 1
153 146 1
153 147 1
153 1136 1
153 149 1
153 1202 1
153 845 1
153 1435 1
152 146 1
152 155 1
152 1201 1
152 1202 1
152 505 1
155 146 1
155 147 1
155 155 1
155 21 1
155 148 1
155 149 1
155 263 1
155 845 1
155 154 1
154 146 1
154 147 1
154 845 1
154 149 1
154 1202 1
157 146 1
157 1261 1
157 1010 1
157 214 1
156 146 1
156 147 1
156 338 1
156 1942 1
156 303 1
156 492 1
156 234 1
156 83 1
156 1651 1
156 481 1
159 146 1
159 844 1
159 1010 1
159 1261 1
158 146 1
158 581 1
158 158 1
158 1201 1
158 988 1
158 1202 1
158 261 1
158 266 1
158 992 1
2236 1886 1
1162 1164 1
1162 1162 1
1162 1163 1
2199 147 1
1807 1805 1
1806 1805 1
1806 2022 1
1806 1187 1
1806 1587 1
1806 1678 1
1806 184 1
1806 1905 1
1805 302 1
1805 1520 1
1805 184 1
1805 82 1
1804 1599 1
1803 1599 1
1803 1208 1
1803 1741 1
1802 1599 1
1802 1564 1
1801 1333 1
1801 588 1
1800 648 1
1808 61 1
1808 135 1
1808 1545 1
1808 46 1
1808 1989 1
1808 1651 1
1808 1011 1
1808 147 1
1808 301 1
1808 302 1
1808 1590 1
1808 1593 1
1808 1100 1
1808 1249 1
1524 566 1
1948 1647 1
1948 1949 1
1948 1950 1
1948 62 1
1948 1476 1
1948 1521 1
1948 1951 1
1948 1478 1
1948 84 1
1948 1590 1
1544 1680 1
1544 566 1
1942 1645 1
1942 147 1
1942 2081 1
1943 1645 1
1941 31 1
1946 1666 1
1946 1665 1
1526 2289 1
1526 2141 1
1526 500 1
1944 1646 1
1944 1945 1
1944 1666 1
1944 1665 1
1945 2286 1
1945 1912 1
1945 499 1
818 844 1
818 595 1
818 1785 1
818 1919 1
818 1255 1
818 1958 1
1527 994 1
1527 13 1
1527 1484 1
1527 516 1
811 1227 1
811 1268 1
811 744 1
811 748 1
811 1267 1
811 1326 1
811 1053 1
811 1581 1
811 1587 1
811 2034 1
811 1678 1
811 7 1
811 811 1
811 504 1
811 752 1
811 1230 1
811 1272 1
811 1273 1
811 1275 1
811 1187 1
811 824 1
815 120 1
1521 1055 1
1521 210 1
1521 191 1
1521 2138 1
1521 1038 1
1521 123 1
1521 186 1
1521 2022 1
1521 6 1
1521 1674 1
1521 1443 1
1991 1990 1
1990 1992 1
1990 1710 1
1251 1251 1
1993 1515 1
1993 1517 1
1993 1516 1
1490 784 1
1491 784 1
1491 980 1
1491 1613 1
1491 1956 1
1491 1480 1
1492 784 1
1493 784 1
1493 1025 1
1493 2036 1
1493 1966 1
1493 1613 1
1493 2138 1
1493 120 1
1493 1680 1
1493 1443 1
1493 1679 1
1493 2022 1
1493 2073 1
1493 430 1
1494 784 1
1494 1714 1
1495 784 1
1495 1849 1
1495 1966 1
1496 784 1
1496 1702 1
1496 750 1
1496 1635 1
1496 2299 1
1496 1533 1
1497 784 1
1497 302 1
1497 149 1
1497 2257 1
1498 784 1
1498 1022 1
1498 2225 1
1498 463 1
1498 2078 1
1498 352 1
1499 784 1
423 61 1
423 644 1
1994 1995 1
1702 209 1
1702 1509 1
1702 2089 1
422 784 1
422 1413 1
422 1412 1
422 1638 1
422 1838 1
422 575 1
422 136 1
422 492 1
422 422 1
422 1414 1
422 424 1
422 431 1
1704 338 1
1705 338 1
1706 338 1
1707 1713 1
1707 1712 1
1707 1711 1
1707 1710 1
1707 195 1
1707 609 1
1707 31 1
1707 1065 1
1707 1708 1
1707 1480 1
1707 1709 1
1708 1710 1
1709 83 1
1709 1710 1
1996 1563 1
1996 1900 1
1390 1388 1
1390 1389 1
1128 1124 1
1129 147 1
1129 203 1
1129 339 1
1129 401 1
1129 1129 1
1129 1130 1
1129 700 1
1129 642 1
1129 61 1
1120 784 1
1120 1069 1
1120 39 1
1120 300 1
1120 566 1
1120 123 1
1121 1121 1
1122 586 1
1122 587 1
1122 584 1
1122 585 1
1122 1983 1
1122 1952 1
1122 628 1
1122 1113 1
1122 588 1
1122 589 1
1122 1111 1
1122 75 1
1122 73 1
1122 1123 1
1122 486 1
1122 925 1
1122 1034 1
1123 1421 1
1124 1124 1
1124 1125 1
1124 1126 1
1124 1127 1
2098 2096 1
524 1045 1
524 1718 1
524 1947 1
524 524 1
524 1515 1
525 525 1
526 458 1
526 526 1
527 527 1
520 520 1
520 213 1
520 185 1
1019 61 1
1019 644 1
1019 1019 1
522 522 1
523 209 1
523 322 1
523 523 1
523 210 1
523 323 1
1014 1014 1
1014 61 1
695 694 1
1016 883 1
1016 492 1
1016 49 1
1016 1587 1
1016 7 1
1016 1678 1
1016 1016 1
1016 1017 1
1016 2010 1
1016 184 1
1016 302 1
1016 445 1
1016 710 1
1016 120 1
1016 1915 1
1016 329 1
1016 1187 1
1016 35 1
1016 643 1
1016 2257 1
1016 1663 1
1017 492 1
1017 2238 1
1010 202 1
1010 336 1
1010 148 1
1010 1011 1
1010 137 1
1010 1013 1
1010 1010 1
1010 1012 1
1011 1166 1
1011 904 1
1011 148 1
1011 1011 1
1011 283 1
1012 1213 1
1012 45 1
1234 748 1
1234 1232 1
1235 1275 1
1236 1680 1
1236 724 1
1236 733 1
1236 737 1
1236 736 1
1237 737 1
1231 748 1
1232 744 1
1232 1233 1
1232 748 1
1232 441 1
1232 1275 1
1232 1229 1
1232 737 1
1232 1517 1
1233 2164 1
1238 1238 1
1238 1239 1
438 435 1
439 1181 1
439 23 1
439 441 1
439 440 1
439 461 1
439 462 1
439 439 1
439 436 1
439 437 1
439 435 1
436 435 1
437 147 1
437 214 1
437 435 1
437 212 1
434 434 1
435 441 1
435 440 1
435 1181 1
435 237 1
432 35 1
433 61 1
433 644 1
430 145 1
430 61 1
430 644 1
430 2099 1
431 784 1
431 1412 1
238 1326 1
238 238 1
238 1896 1
238 2138 1
238 2078 1
238 209 1
238 120 1
238 71 1
238 1910 1
238 1286 1
238 2334 1
238 1045 1
238 1044 1
238 2022 1
238 824 1
238 479 1
239 595 1
239 885 1
239 1021 1
239 2257 1
239 302 1
239 1181 1
239 2006 1
239 920 1
239 1915 1
239 492 1
234 147 1
234 338 1
234 335 1
234 337 1
234 1168 1
234 1169 1
234 234 1
234 236 1
234 231 1
236 1305 1
236 1306 1
236 1307 1
236 685 1
236 1680 1
236 2082 1
236 1131 1
236 2084 1
236 236 1
236 686 1
236 231 1
236 232 1
236 233 1
237 583 1
237 1058 1
237 334 1
237 454 1
237 709 1
237 644 1
237 1449 1
230 854 1
231 1307 1
231 1081 1
231 1279 1
231 231 1
231 232 1
231 233 1
231 959 1
231 972 1
231 971 1
231 970 1
231 1520 1
231 1043 1
231 1131 1
231 447 1
231 966 1
231 1333 1
231 2072 1
231 1020 1
231 964 1
231 965 1
231 39 1
231 967 1
231 960 1
231 961 1
231 962 1
231 963 1
231 968 1
231 969 1
231 1680 1
232 1279 1
232 1307 1
232 1131 1
232 566 1
232 1680 1
232 2072 1
232 1663 1
233 338 1
233 970 1
233 978 1
233 233 1
2228 492 1
2229 492 1
2226 2127 1
2227 492 1
2224 1078 1
2224 1081 1
2224 1076 1
2224 1532 1
2224 478 1
2222 83 1
2223 301 1
2223 1847 1
2223 1610 1
2220 2239 1
2220 27 1
2220 1350 1
2220 984 1
2220 1950 1
2220 68 1
2221 83 1
1 1 1
1 3 1
1 2 1
146 146 1
146 147 1
146 148 1
146 149 1
146 845 1
147 1935 1
147 83 1
147 339 1
147 138 1
147 492 1
147 338 1
147 1052 1
147 1055 1
147 1857 1
147 1256 1
147 2112 1
147 441 1
147 149 1
147 1277 1
147 1829 1
147 1828 1
147 2127 1
147 1255 1
147 1725 1
147 1648 1
147 212 1
147 727 1
147 1957 1
147 474 1
147 721 1
144 982 1
144 995 1
144 143 1
144 566 1
145 784 1
145 995 1
145 145 1
145 1983 1
145 463 1
145 1025 1
145 1680 1
145 1679 1
145 1934 1
145 1905 1
145 2022 1
142 2095 1
142 139 1
142 142 1
143 143 1
143 611 1
143 13 1
143 1487 1
143 71 1
140 139 1
141 120 1
141 139 1
148 1458 1
148 357 1
148 1255 1
148 2073 1
148 932 1
148 492 1
149 1309 1
149 1202 1
149 80 1
149 5 1
149 6 1
149 328 1
149 329 1
149 992 1
149 149 1
149 1517 1
149 845 1
149 943 1
149 1181 1
2088 2005 1
2083 1647 1
2080 2078 1
2086 1638 1
2086 1726 1
2087 985 1
2084 975 1
2084 947 1
2084 1720 1
2084 68 1
2084 2085 1
2084 2011 1
1832 1831 1
1833 1831 1
1830 2006 1
1830 1828 1
1831 31 1
1831 199 1
1831 1207 1
1836 2345 1
1836 478 1
1837 478 1
1837 2340 1
1834 478 1
1834 2022 1
1835 478 1
1838 1839 1
1839 1063 1
2154 2068 1
2155 636 1
939 2077 1
939 937 1
939 940 1
939 939 1
939 938 1
939 934 1
2157 2257 1
2150 2151 1
2152 1480 1
2152 1721 1
2153 1180 1
933 1726 1
933 932 1
932 932 1
932 661 1
931 931 1
930 209 1
930 1667 1
930 1422 1
937 936 1
937 934 1
936 940 1
936 938 1
936 499 1
936 936 1
936 934 1
935 934 1
934 940 1
934 938 1
934 1276 1
934 934 1
1955 1953 1
1954 1953 1
1957 1919 1
1957 1958 1
1950 2143 1
1950 353 1
1950 352 1
1950 2015 1
1950 1886 1
1950 1563 1
1950 2357 1
1950 1900 1
1950 2090 1
1953 328 1
1953 984 1
1952 586 1
1952 587 1
1952 585 1
1952 583 1
1952 588 1
1952 589 1
1952 1111 1
1952 1113 1
1952 1112 1
1952 73 1
1952 486 1
1952 69 1
1952 1115 1
1952 925 1
1952 1034 1
1959 138 1
1958 492 1
829 1045 1
829 1487 1
829 1100 1
829 1484 1
829 283 1
829 827 1
828 827 1
828 2096 1
828 1714 1
825 825 1
825 982 1
825 823 1
824 2022 1
824 508 1
824 823 1
827 832 1
827 622 1
827 830 1
827 831 1
827 836 1
827 834 1
827 833 1
827 195 1
827 838 1
827 835 1
827 839 1
827 69 1
827 827 1
827 823 1
827 837 1
826 199 1
826 982 1
826 498 1
826 1896 1
826 492 1
826 1966 1
826 2249 1
826 1295 1
826 1311 1
826 1350 1
826 2287 1
826 1025 1
826 1435 1
826 941 1
826 1680 1
826 2022 1
826 826 1
826 823 1
821 492 1
820 120 1
823 622 1
823 2096 1
823 72 1
823 823 1
822 120 1
1483 784 1
1482 784 1
1482 2238 1
1482 1442 1
1481 784 1
1480 784 1
1480 836 1
1480 661 1
1480 499 1
1480 2030 1
1487 982 1
1487 1923 1
1487 83 1
1487 1545 1
1487 1635 1
1487 1636 1
1487 1613 1
1487 2036 1
1487 1038 1
1487 508 1
1487 566 1
1487 120 1
1487 1931 1
1487 784 1
1487 2162 1
1486 784 1
1485 784 1
1485 2334 1
1484 784 1
1484 596 1
1484 1726 1
1484 1725 1
1484 1038 1
1484 352 1
1484 2022 1
1489 784 1
1489 2238 1
1489 2299 1
1489 1635 1
1489 196 1
1489 2022 1
1488 784 1
797 777 1
796 777 1
795 775 1
795 505 1
794 775 1
793 775 1
793 2010 1
792 775 1
792 777 1
792 1261 1
791 775 1
791 777 1
791 1350 1
791 888 1
791 6 1
791 505 1
1714 212 1
1714 706 1
1714 498 1
1714 499 1
1714 497 1
1714 1717 1
1714 1716 1
1714 834 1
1714 46 1
1714 502 1
1714 500 1
1714 301 1
1714 302 1
1714 460 1
1714 189 1
1714 1715 1
1714 1060 1
1714 1638 1
1719 2137 1
1719 1021 1
1719 1726 1
1719 1966 1
1719 2286 1
1718 1912 1
799 777 1
799 123 1
798 777 1
798 505 1
798 888 1
1270 1053 1
613 611 1
1272 748 1
1272 1053 1
1272 1275 1
1272 1273 1
1139 784 1
1139 209 1
1139 1966 1
1139 1137 1
1139 2138 1
1139 1679 1
1139 1915 1
1139 1513 1
1139 2022 1
1273 1227 1
1273 1053 1
1273 748 1
1273 1271 1
1273 1267 1
1273 1275 1
1273 730 1
1273 1268 1
1273 1274 1
1274 748 1
1131 1045 1
1131 904 1
1131 1131 1
1130 2188 1
1130 116 1
1137 902 1
1137 1138 1
1137 1022 1
1137 1137 1
1137 1034 1
1136 2022 1
1136 302 1
1136 1136 1
1136 116 1
1136 64 1
1136 508 1
1136 2093 1
1136 501 1
1135 120 1
1135 972 1
617 618 1
617 619 1
617 617 1
617 499 1
617 494 1
617 497 1
617 502 1
617 500 1
617 501 1
1276 1275 1
1276 1667 1
1276 1666 1
615 611 1
519 1508 1
519 1685 1
519 516 1
518 1920 1
518 2238 1
518 2017 1
518 1531 1
518 516 1
2149 1647 1
1009 1008 1
1008 784 1
1008 860 1
1008 1008 1
511 499 1
510 1041 1
510 1167 1
510 1038 1
510 185 1
510 510 1
513 513 1
512 499 1
1003 289 1
1003 288 1
1003 1003 1
1001 591 1
1001 459 1
1001 1638 1
1001 647 1
1001 80 1
1227 1053 1
1227 1275 1
622 212 1
622 1058 1
622 874 1
622 304 1
622 867 1
1225 46 1
1225 301 1
1225 302 1
1225 1225 1
1224 302 1
627 627 1
627 629 1
627 628 1
627 575 1
627 1358 1
627 1083 1
627 490 1
627 1631 1
627 1525 1
627 1113 1
627 1659 1
627 185 1
627 1652 1
627 283 1
627 1651 1
627 1656 1
627 1657 1
627 1654 1
627 1655 1
627 664 1
627 127 1
627 1650 1
627 1020 1
627 1663 1
627 1658 1
627 1477 1
627 1414 1
627 1662 1
627 1661 1
627 1660 1
626 874 1
626 304 1
625 1058 1
625 304 1
625 874 1
625 303 1
625 867 1
624 304 1
628 586 1
628 584 1
628 585 1
628 1117 1
628 664 1
628 566 1
628 1912 1
628 1038 1
628 1100 1
628 1033 1
628 960 1
628 425 1
628 925 1
628 1034 1
1229 2334 1
1228 748 1
2 1041 1
2 1078 1
2 1079 1
2 1076 1
2 1350 1
2 1275 1
2 1246 1
11 11 1
11 10 1
11 996 1
11 994 1
11 995 1
11 910 1
11 126 1
11 64 1
11 1259 1
10 10 1
10 907 1
10 2021 1
13 631 1
13 13 1
13 12 1
13 1659 1
13 1650 1
13 1651 1
12 12 1
12 14 1
12 644 1
15 1052 1
15 15 1
15 1055 1
15 1310 1
15 676 1
15 352 1
14 2289 1
14 14 1
14 508 1
17 17 1
17 1334 1
17 1568 1
17 186 1
17 1896 1
16 508 1
16 16 1
19 19 1
19 980 1
19 2188 1
19 1512 1
18 18 1
18 508 1
18 6 1
201 199 1
201 1100 1
201 611 1
201 1452 1
201 1055 1
200 199 1
203 775 1
203 882 1
203 777 1
203 2238 1
203 199 1
203 120 1
203 61 1
203 131 1
203 644 1
203 1100 1
203 490 1
203 657 1
203 492 1
202 591 1
202 199 1
202 302 1
202 356 1
202 350 1
202 490 1
205 204 1
204 204 1
204 206 1
207 357 1
207 207 1
209 2299 1
209 1853 1
209 210 1
209 983 1
209 570 1
209 1855 1
209 2138 1
209 82 1
209 325 1
209 1111 1
209 1054 1
209 2326 1
209 970 1
209 1580 1
209 1854 1
209 1587 1
209 1856 1
209 1857 1
209 322 1
209 323 1
209 181 1
209 324 1
209 328 1
209 910 1
209 1654 1
209 1655 1
209 775 1
209 1858 1
209 184 1
209 1310 1
209 209 1
209 566 1
209 307 1
209 1861 1
209 1860 1
209 1863 1
209 1862 1
209 1865 1
209 588 1
209 1859 1
209 1912 1
209 321 1
209 907 1
209 1187 1
209 1749 1
209 1824 1
209 2251 1
209 1864 1
208 1443 1
208 874 1
208 181 1
685 685 1
685 686 1
2238 1520 1
2238 185 1
2238 1670 1
686 2078 1
686 2189 1
2231 2233 1
2231 585 1
2231 2232 1
2231 1040 1
2230 492 1
2235 1886 1
2234 725 1
2237 1886 1
680 505 1
680 1202 1
1575 6 1
682 676 1
712 713 1
712 712 1
712 1311 1
228 2173 1
228 35 1
2095 1599 1
2095 631 1
2095 139 1
2094 855 1
2097 2257 1
2097 2096 1
2096 591 1
2096 597 1
2096 300 1
2096 1785 1
2096 1919 1
2096 61 1
2096 1989 1
2091 866 1
2090 1739 1
2090 887 1
2090 7 1
2090 1187 1
2090 1587 1
2090 1947 1
2090 1678 1
2090 184 1
2090 496 1
2093 591 1
2093 1043 1
2093 283 1
2189 582 1
2189 210 1
2189 1337 1
2189 2001 1
2188 700 1
1829 2006 1
1829 1828 1
1828 1589 1
1828 887 1
1828 1256 1
1828 1388 1
1828 2006 1
1824 1983 1
1827 1593 1
1827 71 1
1822 189 1
928 1396 1
929 833 1
929 1422 1
929 1443 1
2145 1063 1
2145 2144 1
2144 665 1
2144 1434 1
2144 1532 1
2143 1043 1
2143 584 1
2143 1638 1
2143 705 1
2143 703 1
2143 73 1
2143 2142 1
2143 2065 1
2141 887 1
2141 1055 1
2141 566 1
2141 1476 1
2141 2138 1
2141 283 1
2141 910 1
2140 2138 1
920 921 1
920 21 1
921 120 1
921 492 1
922 922 1
922 923 1
925 586 1
925 584 1
925 1350 1
925 588 1
925 589 1
925 75 1
925 353 1
925 1117 1
925 486 1
925 1034 1
926 1422 1
927 1912 1
927 1181 1
1920 1508 1
1920 1685 1
1920 1530 1
1921 446 1
1922 329 1
1922 2340 1
1923 1924 1
1923 1187 1
1923 1587 1
1923 7 1
1923 1678 1
1923 1900 1
1925 1789 1
1925 1589 1
1925 1309 1
1925 1610 1
1925 1646 1
1926 730 1
1927 730 1
833 591 1
833 668 1
833 495 1
833 833 1
833 831 1
833 23 1
833 858 1
833 1691 1
833 1030 1
833 1031 1
833 1545 1
833 904 1
833 1029 1
833 2060 1
830 1041 1
830 2138 1
831 1066 1
836 1949 1
836 1852 1
836 1066 1
836 1595 1
836 2003 1
836 1590 1
836 68 1
836 1886 1
837 198 1
837 834 1
837 1638 1
837 1610 1
837 496 1
837 84 1
834 302 1
834 120 1
834 2257 1
834 2073 1
834 492 1
835 1638 1
835 1669 1
838 1388 1
839 1187 1
839 1678 1
3 975 1
3 974 1
3 1079 1
3 463 1
3 996 1
1986 1983 1
1987 1983 1
784 578 1
784 115 1
784 499 1
784 1478 1
784 1500 1
784 1444 1
784 6 1
784 328 1
784 1407 1
784 775 1
784 1479 1
784 997 1
784 301 1
784 611 1
784 136 1
784 444 1
784 1031 1
784 1183 1
784 1181 1
784 1412 1
785 775 1
785 777 1
785 505 1
786 775 1
786 777 1
787 775 1
780 775 1
781 775 1
782 775 1
782 777 1
782 888 1
782 505 1
783 775 1
783 302 1
783 888 1
1726 595 1
1726 1341 1
1726 2134 1
1726 2132 1
1726 2133 1
1726 2131 1
1726 1581 1
1726 1254 1
1726 1520 1
1726 282 1
1726 1529 1
1726 1034 1
1726 586 1
1726 71 1
1726 1043 1
1726 39 1
1726 1646 1
1726 2130 1
1726 1045 1
1726 2129 1
1726 1187 1
1726 1725 1
1726 943 1
1726 1721 1
1726 1517 1
1726 1516 1
1727 283 1
1727 1728 1
1724 1537 1
1724 1743 1
788 775 1
788 1068 1
789 775 1
789 777 1
789 505 1
1721 661 1
1721 1038 1
1721 463 1
1721 2005 1
1721 1563 1
60 37 1
60 61 1
60 62 1
60 63 1
60 64 1
60 65 1
61 1165 1
61 2257 1
61 2073 1
61 61 1
61 64 1
61 83 1
61 1427 1
61 46 1
61 1428 1
61 643 1
61 656 1
61 401 1
61 442 1
61 425 1
61 658 1
61 443 1
61 301 1
61 302 1
61 646 1
61 445 1
61 463 1
61 507 1
61 1915 1
61 1414 1
61 1028 1
61 641 1
61 642 1
61 644 1
61 647 1
61 649 1
61 1413 1
62 62 1
62 64 1
63 1053 1
63 850 1
63 851 1
63 852 1
63 849 1
63 63 1
64 115 1
64 268 1
64 635 1
64 1424 1
64 1038 1
64 116 1
64 1247 1
64 649 1
65 944 1
65 65 1
66 2328 1
66 2171 1
66 566 1
66 66 1
67 67 1
68 1041 1
68 663 1
68 456 1
68 76 1
68 75 1
68 74 1
68 73 1
68 72 1
68 71 1
68 70 1
68 68 1
68 69 1
68 1443 1
69 717 1
69 709 1
69 195 1
69 334 1
69 874 1
69 1053 1
69 867 1
69 1410 1
69 181 1
69 1520 1
69 984 1
69 1880 1
1371 1368 1
1589 1788 1
1589 1789 1
1589 1648 1
1589 1667 1
1370 1368 1
1582 1350 1
1582 709 1
1582 210 1
1582 1583 1
1582 352 1
1582 1535 1
1582 136 1
1582 71 1
1583 2299 1
1580 2114 1
1580 6 1
1581 1983 1
1581 1443 1
1581 499 1
1581 6 1
1581 2070 1
1581 2251 1
1581 1900 1
1586 1568 1
1586 1585 1
1587 1210 1
1587 1435 1
1587 973 1
1587 2070 1
1587 1585 1
1587 1674 1
1587 2355 1
1587 189 1
1587 285 1
1585 1310 1
1585 1308 1
1585 1309 1
1585 355 1
1585 1685 1
1585 1517 1
1038 571 1
1038 1949 1
1038 1038 1
1038 1039 1
1038 185 1
1038 283 1
1038 1034 1
1038 585 1
1038 588 1
1038 1595 1
1038 75 1
1038 1590 1
1038 70 1
1038 1887 1
1038 1040 1
1038 31 1
1038 1689 1
404 214 1
404 212 1
404 401 1
508 988 1
508 989 1
508 601 1
508 198 1
508 1782 1
508 1201 1
508 1786 1
508 1202 1
508 117 1
508 87 1
508 1784 1
508 1636 1
508 1637 1
508 1731 1
508 1732 1
508 1110 1
508 509 1
508 283 1
508 505 1
508 1785 1
508 503 1
508 659 1
508 582 1
508 1311 1
508 992 1
508 716 1
508 446 1
508 673 1
508 941 1
508 1478 1
508 1699 1
509 988 1
509 989 1
509 1202 1
509 992 1
509 1201 1
509 872 1
509 673 1
509 263 1
509 509 1
509 504 1
509 505 1
509 681 1
509 503 1
506 872 1
506 503 1
506 992 1
403 214 1
403 212 1
403 401 1
504 1645 1
504 988 1
504 992 1
504 872 1
504 1202 1
504 505 1
504 2253 1
504 503 1
505 988 1
505 1202 1
505 989 1
505 493 1
505 505 1
505 503 1
505 992 1
505 676 1
505 672 1
505 987 1
505 263 1
502 498 1
502 499 1
502 494 1
502 500 1
502 501 1
503 263 1
503 507 1
503 503 1
500 1040 1
500 1671 1
500 983 1
500 1670 1
500 1358 1
500 499 1
500 494 1
500 496 1
500 497 1
500 1672 1
500 501 1
501 498 1
501 499 1
501 494 1
501 496 1
501 497 1
501 501 1
630 630 1
630 111 1
1213 1213 1
1213 1216 1
1213 1214 1
1213 1215 1
1213 336 1
1213 1412 1
632 631 1
632 632 1
632 633 1
632 634 1
632 195 1
632 283 1
633 2330 1
633 631 1
633 1422 1
633 198 1
634 631 1
401 644 1
401 401 1
636 636 1
637 637 1
638 638 1
638 639 1
638 130 1
639 1358 1
639 1357 1
1218 1218 1
1218 186 1
400 137 1
400 1866 1
1728 1545 1
1729 1646 1
1106 1046 1
1106 1110 1
1106 37 1
1106 1107 1
1106 122 1
1106 130 1
1106 136 1
1106 138 1
1106 1108 1
1106 1109 1
1104 2329 1
1104 1102 1
1457 975 1
1450 1450 1
1103 1102 1
1100 855 1
1100 39 1
1100 1264 1
1100 863 1
1100 37 1
1100 1265 1
1100 565 1
1100 5 1
1100 1100 1
1100 1266 1
1100 283 1
1100 1261 1
1101 996 1
1458 591 1
1458 1412 1
1458 425 1
1108 442 1
1109 302 1
1109 318 1
681 988 1
1897 1443 1
2136 2135 1
958 951 1
216 215 1
217 217 1
217 659 1
217 911 1
217 218 1
217 219 1
214 1094 1
214 1095 1
214 1097 1
214 212 1
214 211 1
214 302 1
214 596 1
214 1098 1
214 214 1
214 1096 1
215 215 1
212 212 1
212 211 1
212 304 1
212 46 1
212 1094 1
212 1096 1
212 1097 1
212 301 1
212 302 1
212 1098 1
212 843 1
212 1020 1
213 1350 1
213 595 1
213 211 1
213 1966 1
213 664 1
213 447 1
213 280 1
213 1443 1
213 1900 1
210 1324 1
210 1895 1
210 1903 1
210 323 1
210 322 1
210 1525 1
210 2170 1
210 181 1
210 1443 1
210 324 1
210 775 1
210 325 1
210 321 1
210 1648 1
211 211 1
1530 516 1
218 1787 1
218 218 1
218 495 1
219 753 1
219 318 1
219 480 1
957 951 1
2139 2138 1
4 195 1
4 566 1
4 5 1
4 4 1
4 7 1
4 6 1
4 1443 1
4 1880 1
1858 1966 1
1858 1443 1
1858 1870 1
1858 2114 1
1850 1849 1
1851 1849 1
1851 2251 1
1852 1025 1
1852 2299 1
1852 1545 1
1852 1055 1
1852 982 1
1852 463 1
1852 186 1
1852 2022 1
1852 1983 1
1853 995 1
1854 199 1
2172 591 1
2172 334 1
2172 328 1
2172 329 1
2173 1353 1
2173 1689 1
2173 2175 1
2173 2174 1
919 453 1
919 289 1
919 288 1
919 919 1
919 474 1
919 917 1
919 285 1
919 284 1
919 287 1
919 286 1
918 918 1
918 1134 1
915 915 1
915 916 1
914 911 1
917 289 1
917 917 1
911 911 1
911 913 1
911 912 1
910 995 1
910 996 1
910 905 1
910 1259 1
516 1529 1
516 1531 1
516 478 1
516 1528 1
516 1508 1
516 517 1
516 516 1
1423 1423 1
1423 1424 1
1932 1665 1
1932 595 1
1931 1506 1
1931 1478 1
1930 1896 1
1937 1181 1
1936 1180 1
1936 1181 1
1934 31 1
1934 1311 1
1938 1181 1
847 846 1
846 648 1
846 846 1
845 845 1
845 1202 1
844 1337 1
844 844 1
844 185 1
843 843 1
843 85 1
842 842 1
841 841 1
840 840 1
849 854 1
849 849 1
849 856 1
849 21 1
849 852 1
849 23 1
849 1063 1
849 855 1
849 661 1
849 130 1
849 72 1
849 185 1
848 644 1
848 848 1
1739 1738 1
1739 196 1
1739 1210 1
1739 2138 1
1739 41 1
1739 2022 1
1739 1896 1
1738 1647 1
1731 194 1
1731 1647 1
1730 657 1
1733 995 1
1733 194 1
1733 2022 1
1732 995 1
1732 194 1
1732 498 1
1735 1418 1
1734 1418 1
1737 1418 1
1736 1418 1
753 768 1
753 769 1
753 762 1
753 761 1
753 771 1
753 770 1
753 773 1
753 772 1
753 753 1
753 774 1
753 757 1
753 756 1
753 755 1
753 754 1
753 759 1
753 758 1
753 72 1
752 587 1
752 593 1
752 1053 1
752 752 1
752 748 1
752 598 1
752 941 1
752 73 1
751 751 1
751 750 1
750 2037 1
750 750 1
750 1041 1
1595 2138 1
1594 1966 1
1594 1680 1
1594 1682 1
1594 1443 1
1594 1664 1
1596 125 1
1590 1983 1
1590 661 1
1590 1680 1
1590 2138 1
1593 2334 1
1593 1680 1
1593 2022 1
1593 1664 1
1593 2012 1
507 338 1
507 872 1
507 1028 1
507 644 1
1599 854 1
1599 1664 1
1599 598 1
1599 1613 1
1599 1896 1
1599 1264 1
1599 120 1
1599 2022 1
1599 185 1
1030 478 1
1025 631 1
1025 1042 1
1025 2068 1
1025 2065 1
1025 322 1
1025 1689 1
1025 644 1
1025 82 1
1025 1417 1
1024 644 1
1027 644 1
1031 1647 1
1031 1358 1
1031 1357 1
1031 566 1
1031 2022 1
1021 1026 1
1021 199 1
1021 46 1
1021 301 1
1021 302 1
1021 1785 1
1021 1638 1
1021 1694 1
1021 137 1
1021 135 1
1021 1917 1
1021 644 1
1020 644 1
1020 83 1
1023 644 1
1023 1028 1
1022 631 1
1022 1314 1
1022 1545 1
1022 643 1
1022 642 1
1022 644 1
1022 1478 1
1036 1033 1
1036 566 1
1115 586 1
1028 46 1
1028 425 1
1028 658 1
1028 301 1
1028 302 1
1028 1434 1
1028 1433 1
1028 1740 1
1028 31 1
1028 1028 1
1028 641 1
1028 643 1
1028 642 1
1028 644 1
1028 647 1
1028 648 1
1028 1413 1
1028 1511 1
1028 1741 1
1028 1742 1
1037 1033 1
1034 959 1
1034 972 1
1034 1113 1
1034 1111 1
1034 1112 1
1034 1117 1
1034 1033 1
1034 1034 1
1034 586 1
1034 584 1
1034 585 1
1034 1350 1
1034 588 1
1034 589 1
1034 75 1
1034 73 1
1034 71 1
1034 486 1
1034 964 1
1034 965 1
1034 966 1
1034 967 1
1034 960 1
1034 961 1
1034 962 1
1034 963 1
1035 1033 1
605 603 1
604 603 1
607 603 1
606 603 1
601 854 1
601 995 1
601 601 1
601 1336 1
601 566 1
601 1418 1
1208 1478 1
1208 1210 1
1208 1211 1
1208 199 1
1208 1208 1
1208 46 1
1208 302 1
1208 1182 1
1208 2119 1
1208 2121 1
1208 186 1
1208 1518 1
1208 111 1
1208 1209 1
1208 1207 1
603 603 1
603 610 1
603 609 1
603 608 1
631 631 1
631 982 1
631 1896 1
1205 988 1
1204 1202 1
1207 1210 1
1207 1211 1
1207 1209 1
1207 2119 1
1207 1207 1
1207 2079 1
1207 1646 1
1207 2103 1
1206 1206 1
1201 740 1
1201 263 1
1210 70 1
1203 1202 1
1202 989 1
1202 674 1
1202 263 1
1202 261 1
1202 265 1
1202 264 1
1202 990 1
1211 1443 1
635 117 1
635 116 1
1111 586 1
1111 584 1
1111 588 1
1111 1900 1
1446 1446 1
1113 586 1
1113 584 1
1113 195 1
1113 588 1
1113 1117 1
1113 6 1
1444 74 1
1444 1443 1
1444 1444 1
1444 571 1
1442 1479 1
1442 588 1
1442 1443 1
1442 1442 1
1442 1520 1
1442 484 1
1441 135 1
1352 1353 1
1352 31 1
1352 1356 1
1352 1355 1
1352 1354 1
1118 585 1
1351 1350 1
1449 854 1
1449 39 1
1449 1435 1
1449 2022 1
1449 1896 1
1449 1449 1
1448 1448 1
466 465 1
466 466 1
461 1068 1
461 737 1
461 721 1
461 1406 1
1355 1357 1
489 1460 1
489 489 1
488 485 1
487 485 1
487 664 1
486 586 1
486 584 1
486 583 1
486 566 1
486 588 1
486 1117 1
486 1033 1
486 485 1
485 23 1
485 485 1
484 483 1
484 499 1
484 2022 1
483 483 1
482 482 1
481 478 1
481 480 1
481 481 1
480 660 1
480 478 1
480 480 1
1567 1568 1
199 199 1
199 1323 1
199 137 1
199 887 1
199 1896 1
199 492 1
199 1569 1
199 732 1
199 2073 1
199 1886 1
199 1647 1
199 1181 1
199 1685 1
199 2022 1
199 2257 1
199 498 1
198 647 1
198 195 1
198 194 1
198 197 1
198 196 1
198 1656 1
195 194 1
195 1861 1
195 2252 1
194 1432 1
194 194 1
194 197 1
194 196 1
197 1337 1
197 196 1
197 283 1
196 2343 1
196 1045 1
196 2342 1
196 1795 1
196 1919 1
196 2344 1
196 1059 1
191 189 1
191 1476 1
191 190 1
190 309 1
190 2332 1
190 2283 1
190 313 1
190 312 1
190 311 1
190 310 1
190 190 1
190 192 1
190 1500 1
190 1252 1
190 189 1
190 2001 1
193 189 1
192 189 1
1454 1452 1
1455 1452 1
1456 2071 1
1456 1452 1
1105 2329 1
1105 1102 1
1102 443 1
1102 713 1
1102 71 1
1451 1451 1
1452 1048 1
1452 746 1
1452 49 1
1452 23 1
1452 72 1
1452 1452 1
1452 1453 1
1452 495 1
1452 359 1
1949 2138 1
902 902 1
902 903 1
902 904 1
903 120 1
903 2017 1
1849 1073 1
1849 70 1
1849 1478 1
901 901 1
901 896 1
901 897 1
901 898 1
901 899 1
906 905 1
907 905 1
907 453 1
907 1886 1
904 973 1
905 909 1
905 905 1
905 450 1
905 908 1
905 453 1
908 908 1
908 909 1
908 2135 1
1847 1846 1
1846 352 1
2169 446 1
2165 2164 1
2164 441 1
2164 462 1
2164 2167 1
2164 2166 1
2161 283 1
2160 2158 1
2163 2162 1
1908 1905 1
1909 1033 1
1906 1905 1
1907 1905 1
1904 334 1
1905 1161 1
1905 446 1
1902 1443 1
1900 1059 1
1900 1966 1
1900 1443 1
1900 1520 1
1901 1443 1
854 599 1
854 334 1
854 1067 1
854 855 1
854 850 1
854 852 1
854 853 1
854 893 1
854 611 1
854 1641 1
854 355 1
854 1518 1
855 855 1
855 856 1
855 852 1
857 595 1
850 1912 1
850 850 1
850 852 1
850 853 1
850 1063 1
850 185 1
850 280 1
850 80 1
850 1337 1
851 581 1
858 595 1
859 595 1
6 747 1
6 82 1
6 941 1
6 118 1
6 877 1
6 184 1
6 6 1
6 997 1
6 713 1
6 1279 1
6 1186 1
6 1185 1
6 1182 1
6 1183 1
6 1180 1
6 1181 1
6 357 1
6 1419 1
6 1187 1
6 1184 1
425 133 1
425 113 1
425 492 1
425 323 1
425 650 1
425 651 1
425 2073 1
425 425 1
425 2010 1
425 302 1
425 185 1
425 2257 1
425 1915 1
425 35 1
425 357 1
425 644 1
425 649 1
740 727 1
740 1068 1
740 737 1
740 721 1
741 727 1
741 1068 1
741 737 1
741 721 1
742 721 1
743 727 1
744 1053 1
744 748 1
744 1275 1
744 727 1
744 737 1
745 727 1
745 737 1
745 1068 1
746 727 1
747 727 1
748 1278 1
748 748 1
748 112 1
748 1326 1
748 1053 1
748 737 1
748 1275 1
748 1277 1
748 1067 1
748 727 1
749 749 1
1050 1050 1
1051 1051 1
1052 593 1
1052 592 1
1052 596 1
1052 1058 1
1052 1052 1
1052 566 1
1052 1053 1
1052 188 1
1053 1269 1
1053 1268 1
1053 1267 1
1053 1326 1
1053 1053 1
1053 733 1
1053 283 1
1053 1271 1
1054 325 1
1055 1055 1
1055 1056 1
1055 1042 1
1055 1784 1
1055 2193 1
1055 353 1
1055 352 1
1055 2070 1
1055 1672 1
1056 352 1
1056 351 1
1057 351 1
1058 593 1
1058 1058 1
1058 303 1
1058 304 1
1058 188 1
1058 594 1
1059 1059 1
1059 1060 1
1793 2193 1
1694 1680 1
1695 319 1
1695 2334 1
1695 1966 1
1695 1680 1
1692 1680 1
1693 1680 1
1690 877 1
1690 1886 1
1690 1680 1
1690 1666 1
1691 1647 1
1691 2334 1
1691 1983 1
1691 1680 1
1691 1443 1
1691 2257 1
1691 353 1
1691 1896 1
1791 1568 1
1279 1279 1
1279 184 1
612 611 1
611 1966 1
611 611 1
611 614 1
611 83 1
611 268 1
616 708 1
616 616 1
1277 2257 1
711 708 1
1472 1472 1
1473 1473 1
1470 1470 1
1471 1471 1
1471 1787 1
1476 319 1
1476 1771 1
1476 980 1
1476 2138 1
1476 1443 1
1476 1870 1
1476 1475 1
1476 1915 1
1477 995 1
1477 1647 1
1477 1475 1
1474 1474 1
1475 83 1
1475 87 1
1475 334 1
1478 2288 1
1478 112 1
1478 1443 1
1478 2251 1
1478 1310 1
1479 677 1
1479 2252 1
1304 1303 1
1305 882 1
1300 1299 1
1301 1301 1
1301 1302 1
1303 322 1
1303 323 1
1303 1303 1
1303 1044 1
1308 1680 1
1308 1308 1
1308 1309 1
1308 1310 1
1309 1040 1
1309 1310 1
1309 302 1
1309 463 1
1309 1680 1
1309 1685 1
498 472 1
498 499 1
498 494 1
498 496 1
498 497 1
499 1324 1
499 499 1
499 494 1
499 496 1
499 497 1
499 1655 1
499 1043 1
499 1358 1
499 1657 1
499 2061 1
499 1660 1
494 494 1
494 495 1
494 496 1
494 497 1
495 569 1
495 593 1
495 885 1
496 1435 1
496 2138 1
496 566 1
496 2353 1
496 1896 1
496 2113 1
497 1261 1
490 442 1
490 37 1
490 491 1
490 137 1
490 492 1
490 493 1
491 442 1
491 872 1
491 1249 1
491 2010 1
491 492 1
492 591 1
492 1785 1
492 133 1
492 135 1
492 138 1
492 2011 1
492 268 1
492 1638 1
492 1917 1
492 443 1
492 442 1
492 441 1
492 126 1
492 1916 1
492 1511 1
492 642 1
492 2006 1
492 644 1
492 649 1
492 136 1
493 775 1
493 777 1
24 24 1
24 25 1
24 26 1
24 27 1
24 2328 1
24 28 1
25 1680 1
20 1079 1
20 20 1
20 21 1
20 22 1
20 23 1
21 593 1
21 1249 1
22 22 1
23 593 1
23 877 1
23 303 1
23 727 1
23 1336 1
28 2122 1
28 2257 1
29 29 1
1241 1240 1
1703 1255 1
1873 1870 1
7 1435 1
7 1674 1
7 1443 1
7 265 1
7 285 1
1879 1877 1
2280 1063 1
2281 1063 1
2282 1063 1
2283 1063 1
2284 1063 1
2285 1063 1
2287 70 1
1087 1087 1
1087 597 1
1087 300 1
1087 875 1
1087 1072 1
1087 1073 1
1087 1070 1
1087 1071 1
1087 566 1
1087 1088 1
1087 1089 1
1086 2257 1
1086 1326 1
1086 1078 1
1086 1181 1
1085 1079 1
1876 1896 1
1876 35 1
1877 1396 1
1877 1878 1
1877 1669 1
1874 35 1
1874 1181 1
1875 35 1
1872 1870 1
979 960 1
1870 1353 1
1870 1337 1
1870 863 1
1870 321 1
1870 1871 1
1871 1896 1
1083 1076 1
1083 1078 1
1083 1079 1
1082 1076 1
977 976 1
976 976 1
976 72 1
975 975 1
975 974 1
975 973 1
975 118 1
974 974 1
974 973 1
973 973 1
973 1187 1
973 1434 1
973 1678 1
972 959 1
972 964 1
972 966 1
972 967 1
972 960 1
972 972 1
972 962 1
972 963 1
972 970 1
972 965 1
972 722 1
972 644 1
972 978 1
970 966 1
1080 1076 1
1080 1429 1
1080 1078 1
1080 1079 1
978 960 1
182 183 1
182 181 1
2119 2121 1
2119 2120 1
2119 585 1
2119 574 1
2119 70 1
180 183 1
180 181 1
181 885 1
181 183 1
181 181 1
181 1912 1
186 1069 1
186 2347 1
186 2346 1
186 2349 1
186 2348 1
186 1067 1
186 117 1
186 186 1
186 187 1
186 1881 1
186 2350 1
186 1311 1
187 1422 1
187 896 1
187 1403 1
184 1886 1
184 265 1
184 1674 1
184 285 1
185 2137 1
185 593 1
185 1912 1
185 709 1
2110 2111 1
188 304 1
188 867 1
2114 2115 1
2114 82 1
2114 328 1
2114 329 1
2114 1966 1
2116 1665 1
2117 1666 1
2117 1665 1
1919 1983 1
1919 2329 1
1919 2073 1
1919 1915 1
1918 1915 1
1911 1910 1
1910 1646 1
1910 1914 1
1910 1666 1
1910 1665 1
1910 1912 1
1910 1913 1
1912 665 1
1912 1525 1
1912 2176 1
1912 2177 1
1912 2178 1
1912 2179 1
1912 585 1
1912 1311 1
1912 128 1
1912 1043 1
1912 1646 1
1912 1439 1
1912 355 1
1912 1666 1
1915 1785 1
1915 133 1
1915 135 1
1915 138 1
1915 1250 1
1915 122 1
1915 1884 1
1915 1917 1
1915 1916 1
1917 2247 1
1917 133 1
1917 2010 1
869 867 1
868 867 1
189 2290 1
189 1535 1
189 2001 1
189 283 1
189 189 1
861 595 1
860 1063 1
860 595 1
863 862 1
862 862 1
865 882 1
865 318 1
865 644 1
865 864 1
864 775 1
864 37 1
864 864 1
867 303 1
867 304 1
867 867 1
867 462 1
867 870 1
867 871 1
866 866 1
2024 2022 1
2025 2022 1
2026 2022 1
2027 2022 1
2020 643 1
2022 578 1
2022 334 1
2022 1610 1
2022 82 1
2022 1420 1
2022 1545 1
2022 2019 1
2022 283 1
2022 1656 1
2022 447 1
2022 1795 1
2022 1354 1
2022 328 1
2022 1045 1
2022 2029 1
2022 2023 1
2022 478 1
2022 2028 1
883 442 1
883 2000 1
883 135 1
882 459 1
882 882 1
882 571 1
882 133 1
882 131 1
882 135 1
882 138 1
882 1420 1
882 884 1
882 443 1
882 442 1
882 445 1
882 121 1
882 642 1
882 475 1
882 1249 1
881 120 1
881 442 1
880 442 1
880 135 1
887 1647 1
887 885 1
887 2138 1
887 2299 1
887 566 1
887 352 1
887 2070 1
887 1966 1
886 885 1
885 885 1
884 1771 1
884 135 1
884 1249 1
889 888 1
888 890 1
888 891 1
888 892 1
888 888 1
888 894 1
888 790 1
775 777 1
775 136 1
775 790 1
775 322 1
775 325 1
775 775 1
775 776 1
775 779 1
775 778 1
777 336 1
777 777 1
777 118 1
77 77 1
77 1679 1
77 566 1
76 709 1
75 586 1
75 584 1
75 583 1
75 1350 1
75 1439 1
75 1117 1
75 1033 1
74 1041 1
74 709 1
74 319 1
74 1568 1
74 2257 1
74 1247 1
74 1896 1
73 586 1
73 584 1
73 585 1
73 583 1
73 714 1
73 588 1
73 1117 1
73 1033 1
72 1041 1
71 1408 1
71 1041 1
71 664 1
71 566 1
71 1167 1
71 1747 1
70 943 1
70 588 1
70 566 1
79 79 1
79 82 1
79 83 1
79 80 1
79 81 1
79 84 1
78 126 1
78 120 1
78 132 1
78 1443 1
78 135 1
78 134 1
1043 1041 1
1043 1966 1
1043 588 1
1043 2248 1
1043 2257 1
1042 1041 1
1042 1350 1
1042 1443 1
1041 1041 1
1041 39 1
1041 1045 1
1041 1044 1
1041 588 1
1041 283 1
1040 566 1
1040 2193 1
1040 2353 1
1047 1049 1
1047 1048 1
1047 1047 1
1045 566 1
1045 352 1
1045 1896 1
1681 1680 1
1680 1682 1
1680 1545 1
1680 1610 1
1680 1256 1
1680 1508 1
1680 1509 1
1680 1684 1
1680 1310 1
1680 1683 1
1680 1534 1
1680 1685 1
1680 1518 1
1680 1687 1
1680 1686 1
1680 1689 1
1680 1688 1
1682 1509 1
1685 1310 1
1685 2102 1
1685 1508 1
1685 1509 1
1686 995 1
1269 83 1
1268 1326 1
669 664 1
669 352 1
669 648 1
668 664 1
666 664 1
1261 1262 1
1261 1261 1
1261 1263 1
664 664 1
664 667 1
664 665 1
664 111 1
663 1188 1
663 1337 1
663 661 1
663 2358 1
663 2359 1
663 2361 1
663 2360 1
662 661 1
661 2296 1
661 661 1
661 2294 1
661 1657 1
661 584 1
661 1353 1
661 2295 1
661 1188 1
661 1189 1
661 1516 1
660 659 1
1469 768 1
1469 1469 1
1468 693 1
1468 1468 1
1465 1465 1
8 8 1
1467 1467 1
1466 1466 1
1461 1460 1
1460 693 1
1460 1460 1
1460 1462 1
1463 1463 1
521 521 1
1317 1311 1
1316 1311 1
1315 1311 1
1314 1311 1
1313 1311 1
1312 1311 1
1311 1320 1
1311 982 1
1311 651 1
1311 1443 1
1311 1508 1
1311 995 1
1311 1311 1
1311 674 1
1311 1319 1
1311 1318 1
1311 1063 1
1311 2251 1
1310 2102 1
1310 2101 1
1318 1318 1
1015 1015 1
528 528 1
529 529 1
319 319 1
319 320 1
318 318 1
318 46 1
318 301 1
318 302 1
318 453 1
318 315 1
318 1264 1
317 316 1
317 315 1
317 49 1
316 302 1
316 316 1
316 315 1
316 286 1
316 287 1
315 315 1
314 261 1
1520 1896 1
1520 112 1
1520 358 1
1335 1335 1
1334 1334 1
1337 1340 1
1337 1341 1
1337 2290 1
1337 1339 1
1337 1338 1
1337 674 1
1337 1337 1
1337 1648 1
1337 471 1
1337 649 1
440 574 1
440 1181 1
1331 1331 1
1330 1328 1
1333 1332 1
1332 1332 1
2324 2323 1
2299 1647 1
2299 1545 1
2299 334 1
2299 1638 1
2299 1610 1
2298 2297 1
2293 2291 1
2292 2291 1
2291 985 1
2290 595 1
2290 1187 1
2290 2001 1
2290 1678 1
1861 1187 1
1867 1866 1
1866 300 1
1866 80 1
1866 283 1
1869 1666 1
1869 1665 1
1868 1565 1
964 585 1
964 960 1
965 966 1
966 959 1
966 584 1
966 967 1
966 960 1
966 961 1
966 962 1
966 963 1
966 968 1
966 1443 1
967 960 1
967 1443 1
960 959 1
960 960 1
960 962 1
960 963 1
962 644 1
963 584 1
963 585 1
963 1117 1
1613 334 1
1613 1060 1
968 463 1
2109 302 1
2108 302 1
2100 1187 1
2107 302 1
1560 1561 1
1560 1562 1
1560 1563 1
1560 1564 1
1537 1568 1
878 877 1
879 442 1
876 874 1
877 877 1
877 1180 1
877 648 1
874 594 1
874 303 1
874 304 1
874 593 1
874 82 1
874 875 1
875 1090 1
875 1091 1
875 597 1
875 300 1
875 875 1
875 1092 1
875 566 1
875 1071 1
875 1070 1
875 1088 1
875 1089 1
872 443 1
872 2257 1
872 263 1
872 642 1
2036 1650 1
2036 1637 1
597 591 1
597 596 1
597 566 1
597 985 1
1534 995 1
1534 1666 1
1534 1664 1
2033 2030 1
2032 2030 1
2031 2030 1
2030 1610 1
2030 126 1
9 9 1
2039 2038 1
2038 128 1
2038 943 1
891 891 1
891 892 1
891 894 1
893 893 1
894 894 1
1247 1248 1
896 896 1
896 897 1
896 898 1
896 899 1
646 644 1
1249 459 1
1249 133 1
1249 135 1
1249 138 1
1249 1250 1
1249 443 1
1249 442 1
1249 302 1
1249 444 1
1249 121 1
1249 122 1
1249 126 1
1249 1249 1
1966 1545 1
1966 2156 1
1966 1562 1
1966 329 1
1966 586 1
1966 588 1
1966 2125 1
1966 1642 1
1966 2078 1
1788 1789 1
1788 1790 1
1789 2124 1
1789 2010 1
762 120 1
1782 995 1
1782 2073 1
1785 2006 1
1785 2073 1
1786 35 1
1787 1646 1
1787 1033 1
1610 2122 1
1078 1079 1
1078 1076 1
1078 1077 1
1078 1072 1
1078 1071 1
1079 1081 1
1079 1079 1
1079 1076 1
1079 1077 1
1079 1070 1
1079 1071 1
1076 1081 1
1076 1076 1
1076 1077 1
1076 1070 1
1076 1071 1
1076 2138 1
1076 463 1
1076 1563 1
1077 463 1
1074 1069 1
1075 566 1
1072 1069 1
1072 566 1
1072 1563 1
1073 1069 1
1073 1429 1
1073 566 1
1070 1069 1
1070 566 1
1071 1069 1
1071 566 1
1071 1563 1
1678 1710 1
1678 1674 1
1678 1443 1
1678 2070 1
1679 595 1
1674 1187 1
1674 1240 1
1674 1675 1
1674 1676 1
1674 1677 1
1673 1637 1
1091 566 1
1093 566 1
674 676 1
674 677 1
674 671 1
674 322 1
675 671 1
676 586 1
676 677 1
676 992 1
676 570 1
676 671 1
676 673 1
676 120 1
677 570 1
677 671 1
677 673 1
671 570 1
671 671 1
671 672 1
671 673 1
671 659 1
672 992 1
673 673 1
673 263 1
1997 1563 1
1418 1418 1
1418 1509 1
1419 1419 1
1410 1410 1
1411 1411 1
1412 1413 1
1412 336 1
1412 1412 1
1412 1414 1
1412 118 1
1417 1417 1
1322 1322 1
1323 1323 1
1323 1324 1
1532 1665 1
1532 123 1
1326 1326 1
1326 1327 1
1324 1880 1
1328 1328 1
1328 1329 1
1531 2017 1
1256 2006 1
1525 566 1
1525 1443 1
1525 111 1
1255 578 1
1255 329 1
1250 133 1
1250 135 1
1523 2127 1
1529 1508 1
1259 996 1
1259 1260 1
1259 713 1
1259 307 1
1259 1259 1
308 302 1
300 591 1
300 566 1
300 985 1
301 1402 1
301 302 1
301 1181 1
301 280 1
301 138 1
302 591 1
302 985 1
302 133 1
302 138 1
302 1630 1
302 46 1
302 442 1
302 280 1
302 136 1
302 122 1
302 126 1
302 649 1
302 1511 1
303 591 1
303 303 1
303 304 1
304 591 1
304 593 1
304 592 1
304 304 1
304 566 1
304 703 1
306 83 1
307 995 1
307 996 1
1792 1568 1
1792 1647 1
1447 1447 1
2352 358 1
2353 713 1
2353 2354 1
2356 355 1
1049 1049 1
2355 1187 1
1898 1443 1
1899 1443 1
1899 2340 1
1899 2138 1
1894 1443 1
1895 1443 1
1896 334 1
1896 82 1
1896 1443 1
1896 283 1
1896 2067 1
1896 1354 1
1896 328 1
1896 2063 1
1896 2064 1
1896 2068 1
1896 1518 1
1896 2061 1
1896 2062 1
1896 2065 1
1896 2066 1
1443 570 1
1443 1509 1
1443 1358 1
1443 1890 1
1443 1892 1
1443 1893 1
1443 1891 1
1443 1568 1
1443 356 1
1443 283 1
1443 282 1
1443 584 1
1443 1889 1
1443 1888 1
1443 1887 1
1443 1886 1
1443 1885 1
1443 1884 1
1443 1883 1
1443 1240 1
1443 1518 1
1891 982 1
959 585 1
959 644 1
2137 1650 1
2137 1651 1
951 953 1
951 952 1
951 955 1
951 954 1
951 956 1
950 946 1
950 183 1
2138 118 1
2138 1500 1
2138 1358 1
2138 588 1
2138 1744 1
2138 517 1
2002 1517 1
2002 1511 1
2000 135 1
2006 2320 1
2006 357 1
2007 357 1
2004 2008 1
2004 2005 1
2009 593 1
2034 1063 1
2176 2323 1
665 1983 1
1799 648 1
719 717 1
718 717 1
717 717 1
716 716 1
715 714 1
714 31 1
714 714 1
710 708 1
710 709 1
710 710 1
1069 39 1
1069 566 1
1068 731 1
1068 730 1
1068 733 1
1068 732 1
1068 735 1
1068 734 1
1068 736 1
1068 739 1
1068 738 1
1068 726 1
1068 727 1
1068 724 1
1068 725 1
1068 722 1
1068 723 1
1068 728 1
1068 729 1
1061 1061 1
1060 1294 1
1063 595 1
1063 1500 1
1063 1561 1
1063 1063 1
1063 1183 1
1063 1744 1
1062 1062 1
1064 1064 1
1067 1067 1
1067 1066 1
1066 1066 1
1669 1667 1
1668 1667 1
1667 1517 1
1666 1509 1
1666 1642 1
1666 1665 1
1666 1664 1
1665 2118 1
1665 1664 1
1665 2018 1
1664 591 1
1664 1646 1
1664 1642 1
1664 334 1
1664 1509 1
591 593 1
591 592 1
591 595 1
591 594 1
591 596 1
591 598 1
591 2012 1
591 120 1
591 123 1
591 39 1
591 356 1
590 338 1
593 593 1
595 595 1
595 598 1
595 985 1
595 134 1
595 1569 1
595 1435 1
596 283 1
599 599 1
599 2016 1
598 985 1
1089 566 1
1088 566 1
1409 1409 1
1408 114 1
1408 1408 1
1403 1403 1
1403 651 1
1402 1402 1
1401 1401 1
1400 1400 1
1407 997 1
1407 1407 1
1407 1183 1
1406 1406 1
1405 1405 1
1404 1404 1
449 447 1
448 447 1
693 693 1
443 132 1
443 442 1
443 2073 1
443 133 1
443 135 1
442 459 1
442 126 1
442 332 1
442 133 1
442 132 1
442 136 1
442 135 1
442 138 1
442 118 1
442 46 1
442 2016 1
442 442 1
442 460 1
442 445 1
442 444 1
442 2257 1
442 122 1
442 127 1
442 1981 1
442 640 1
442 1517 1
442 1516 1
441 1181 1
1336 1336 1
447 447 1
446 995 1
446 446 1
445 35 1
445 131 1
445 135 1
444 131 1
444 135 1
1545 566 1
1545 643 1
696 694 1
1543 566 1
39 2127 1
39 33 1
39 566 1
39 1439 1
39 126 1
39 1246 1
38 33 1
38 35 1
694 694 1
33 33 1
33 37 1
33 36 1
33 35 1
33 34 1
32 30 1
31 338 1
31 183 1
31 1358 1
31 1357 1
31 566 1
31 2334 1
31 30 1
31 2068 1
31 2251 1
31 648 1
37 946 1
37 116 1
35 1640 1
35 133 1
35 122 1
35 126 1
641 648 1
641 644 1
1240 1240 1
1240 137 1
1240 118 1
643 2019 1
643 644 1
642 644 1
642 2010 1
644 450 1
644 657 1
644 658 1
644 656 1
644 1026 1
644 268 1
644 640 1
644 644 1
644 647 1
644 649 1
644 648 1
648 1180 1
648 985 1
648 1509 1
648 1517 1
339 339 1
338 338 1
338 335 1
338 334 1
338 1168 1
338 1169 1
338 337 1
335 334 1
334 334 1
334 337 1
334 336 1
334 2012 1
334 995 1
334 581 1
334 120 1
334 1647 1
334 2250 1
331 330 1
330 333 1
330 332 1
1464 1464 1
1353 1357 1
2341 2334 1
1886 1882 1
1884 2010 1
1882 1880 1
1881 1880 1
1880 1509 1
2123 2122 1
2122 1518 1
2127 1646 1
2127 2126 1
2127 352 1
949 946 1
949 352 1
949 351 1
946 948 1
946 946 1
946 947 1
946 565 1
946 183 1
946 353 1
946 352 1
946 351 1
947 183 1
944 944 1
945 945 1
942 942 1
943 943 1
941 941 1
941 478 1
133 131 1
133 135 1
133 120 1
133 2331 1
133 1511 1
132 135 1
132 132 1
132 134 1
132 131 1
132 130 1
132 120 1
132 121 1
132 122 1
132 123 1
132 136 1
132 126 1
132 127 1
132 129 1
131 126 1
131 131 1
131 130 1
131 136 1
131 135 1
131 134 1
131 138 1
131 1440 1
131 120 1
131 121 1
131 122 1
131 125 1
131 128 1
131 1439 1
131 123 1
130 456 1
130 120 1
130 653 1
130 135 1
130 134 1
130 2017 1
137 120 1
137 126 1
136 120 1
136 2257 1
136 135 1
136 134 1
136 138 1
135 459 1
135 126 1
135 2257 1
135 134 1
135 138 1
135 1440 1
135 2073 1
135 2010 1
135 460 1
135 120 1
135 121 1
135 122 1
135 1439 1
135 123 1
134 120 1
134 121 1
134 122 1
134 123 1
134 125 1
134 126 1
134 134 1
134 128 1
134 129 1
134 138 1
139 139 1
138 985 1
138 80 1
138 2017 1
138 2016 1
138 996 1
138 1440 1
138 460 1
138 120 1
138 126 1
138 1511 1
1354 1358 1
2014 1564 1
2014 2013 1
2017 122 1
2016 126 1
2011 2010 1
2010 581 1
2010 460 1
183 948 1
183 183 1
183 2078 1
708 708 1
708 709 1
709 709 1
709 83 1
704 566 1
704 703 1
705 703 1
706 706 1
706 707 1
701 702 1
703 703 1
88 89 1
82 2334 1
83 1647 1
83 2257 1
80 120 1
86 86 1
86 87 1
85 85 1
1659 1651 1
1388 117 1
1388 1388 1
1388 1389 1
1650 1651 1
1651 1744 1
1651 1745 1
1651 1746 1
586 1983 1
586 1117 1
586 1033 1
586 586 1
586 587 1
586 584 1
586 585 1
586 583 1
586 588 1
586 589 1
587 584 1
587 583 1
587 1350 1
587 588 1
587 2251 1
584 1033 1
584 584 1
584 585 1
584 583 1
584 588 1
584 589 1
585 1117 1
585 585 1
585 583 1
585 1350 1
585 588 1
585 1033 1
582 582 1
583 583 1
583 588 1
583 589 1
580 580 1
580 581 1
581 478 1
1984 1983 1
588 1983 1
588 1112 1
588 1117 1
588 1033 1
588 1509 1
588 1350 1
588 589 1
588 128 1
588 2070 1
588 1648 1
588 353 1
588 352 1
588 2251 1
589 1117 1
589 1033 1
1633 1634 1
1982 1981 1
1348 1348 1
1437 1437 1
1437 1438 1
1434 1983 1
1435 328 1
1435 329 1
1435 990 1
1435 263 1
1435 261 1
1435 260 1
1435 267 1
1435 266 1
1435 265 1
1435 264 1
1435 269 1
1435 268 1
1435 1647 1
1435 1435 1
1432 1432 1
1431 1431 1
1380 1380 1
1637 995 1
1637 1636 1
1439 1439 1
1349 1349 1
458 454 1
458 456 1
459 456 1
450 450 1
450 451 1
450 452 1
450 453 1
453 453 1
454 454 1
454 455 1
454 456 1
454 457 1
456 460 1
456 456 1
456 457 1
517 517 1
657 282 1
1500 566 1
1506 2254 1
1506 111 1
653 653 1
651 1350 1
651 727 1
1509 1983 1
1509 2336 1
1509 1181 1
1509 732 1
659 478 1
659 659 1
2126 2128 1
322 325 1
323 325 1
320 285 1
321 325 1
326 326 1
327 327 1
324 325 1
325 325 1
328 2334 1
328 2256 1
328 328 1
328 329 1
2331 126 1
2333 1641 1
2334 578 1
2335 463 1
2336 2337 1
2338 2339 1
2244 111 1
2245 111 1
2246 111 1
2240 111 1
2241 111 1
2242 111 1
2243 111 1
995 117 1
995 1112 1
996 1297 1
996 1296 1
996 122 1
996 996 1
991 268 1
990 268 1
990 992 1
993 992 1
992 989 1
992 258 1
992 263 1
992 262 1
992 261 1
992 260 1
992 264 1
992 269 1
992 268 1
120 1638 1
120 985 1
120 120 1
120 121 1
120 122 1
120 123 1
120 124 1
120 125 1
120 126 1
120 127 1
120 128 1
120 129 1
120 268 1
121 126 1
122 126 1
123 125 1
123 126 1
123 129 1
125 2322 1
125 126 1
125 129 1
126 1981 1
126 126 1
126 127 1
126 1742 1
128 463 1
128 129 1
128 128 1
129 129 1
2060 1646 1
1748 1747 1
723 737 1
723 721 1
1397 1397 1
1645 1169 1
1647 2070 1
1647 1563 1
1646 2257 1
1641 1639 1
1640 1639 1
1640 2078 1
1642 2073 1
1396 1396 1
1648 283 1
728 737 1
728 721 1
579 575 1
578 575 1
573 573 1
572 572 1
571 569 1
570 569 1
570 566 1
577 575 1
576 575 1
575 575 1
574 2077 1
574 574 1
600 600 1
1421 1421 1
1271 1181 1
1422 1422 1
1425 1425 1
1424 1424 1
1426 1426 1
1429 1429 1
602 602 1
731 727 1
731 737 1
731 721 1
730 727 1
730 737 1
730 721 1
733 727 1
733 737 1
733 721 1
732 727 1
732 737 1
732 721 1
735 737 1
735 721 1
734 727 1
734 737 1
734 721 1
737 737 1
737 736 1
737 739 1
737 738 1
737 726 1
737 727 1
737 724 1
737 725 1
737 722 1
737 721 1
737 729 1
736 727 1
736 721 1
739 727 1
739 721 1
738 727 1
738 721 1
1359 1357 1
1358 1358 1
1358 1357 1
469 465 1
468 465 1
465 465 1
465 467 1
465 470 1
465 471 1
464 464 1
1350 1350 1
1350 1983 1
1350 283 1
1357 1357 1
463 463 1
462 1181 1
2158 2159 1
1515 1513 1
1514 1513 1
1517 2329 1
1517 2073 1
1517 2077 1
1517 1513 1
1516 1563 1
1516 1513 1
357 357 1
357 359 1
357 358 1
356 350 1
356 356 1
355 350 1
354 350 1
353 1167 1
353 352 1
353 351 1
353 350 1
353 2070 1
352 351 1
352 350 1
351 351 1
351 350 1
351 2070 1
350 350 1
359 359 1
359 721 1
1033 1033 1
2323 2325 1
2321 1564 1
1110 478 1
2328 569 1
1445 1445 1
289 289 1
289 288 1
289 474 1
289 285 1
289 284 1
289 287 1
289 286 1
288 285 1
288 474 1
288 284 1
288 287 1
280 46 1
280 280 1
283 283 1
283 1295 1
285 1187 1
285 474 1
285 285 1
285 284 1
285 287 1
285 286 1
284 474 1
284 284 1
284 287 1
284 286 1
287 474 1
287 287 1
287 286 1
286 474 1
286 286 1
1117 1117 1
263 988 1
263 261 1
263 266 1
263 268 1
261 261 1
261 260 1
261 267 1
261 266 1
261 264 1
261 268 1
260 266 1
267 264 1
266 258 1
266 265 1
266 264 1
266 269 1
266 268 1
265 265 1
265 264 1
265 268 1
268 268 1
268 258 1
1565 1566 1
1294 1294 1
1294 1187 1
2259 2257 1
2258 2257 1
2255 2254 1
2252 1710 1
988 988 1
988 989 1
982 1630 1
983 983 1
980 980 1
986 984 1
984 985 1
984 984 1
985 1638 1
115 115 1
115 117 1
115 116 1
115 2078 1
115 118 1
114 114 1
117 116 1
117 478 1
116 116 1
111 1566 1
111 110 1
112 112 1
119 119 1
2079 2078 1
2078 1292 1
2073 1989 1
2073 2075 1
2073 2074 1
2071 2070 1
1630 568 1
1631 1632 1
1985 1983 1
1983 1988 1
1983 1989 1
1636 478 1
569 569 1
565 565 1
566 566 1
1188 1188 1
1188 1189 1
1187 1710 1
726 727 1
726 721 1
727 49 1
727 727 1
727 724 1
727 722 1
727 721 1
727 729 1
724 721 1
725 721 1
722 721 1
1749 1747 1
720 720 1
721 729 1
1744 478 1
1165 1165 1
1167 1167 1
1161 1161 1
48 44 1
48 45 1
48 48 1
48 49 1
46 44 1
47 44 1
44 44 1
44 45 1
45 45 1
42 40 1
43 40 1
40 40 1
40 41 1
1298 1298 1
1299 1299 1
1713 1710 1
1360 1360 1
1360 1361 1
1712 1710 1
1361 1361 1
1711 1710 1
1381 1381 1
472 472 1
473 473 1
476 474 1
477 474 1
474 475 1
478 478 1
478 479 1
1368 1368 1
1368 1369 1
